episode,num_iters,loss,sum_rewards,curr_eps,time
1,1338,0.014888,-19,0.998797,1334,37.118113
2,1129,0.016351,-21,0.997781,2459,67.344486
3,1366,0.015519,-20,0.996551,3821,106.581917
4,1176,0.015690,-21,0.995493,4993,140.859123
5,1259,0.015397,-21,0.994360,6248,186.910353
6,1170,0.014766,-21,0.993307,7414,220.698517
7,1504,0.014219,-20,0.991953,8914,264.584669
8,1217,0.014669,-20,0.990858,10127,298.207455
9,1445,0.013257,-18,0.989557,11568,341.045220
10,1177,0.013826,-21,0.988498,12741,374.096343
11,1173,0.014054,-21,0.987442,13910,408.714982
12,1184,0.014208,-21,0.986377,15090,443.231685
13,1275,0.014069,-20,0.985229,16361,482.247198
14,1321,0.014175,-20,0.984040,17678,522.089551
15,1291,0.013221,-20,0.982878,18965,559.905870
16,1234,0.013508,-20,0.981768,20195,595.314115
17,1425,0.012130,-18,0.980485,21616,636.972130
18,1102,0.011083,-21,0.979494,22714,673.429836
19,1301,0.010898,-20,0.978323,24011,711.111055
20,1155,0.011051,-20,0.977283,25162,759.239566
21,1443,0.010220,-20,0.975984,26601,804.442957
22,1081,0.010432,-21,0.975012,27678,835.607081
23,1085,0.009475,-21,0.974035,28759,871.110648
24,1033,0.010057,-21,0.973105,29788,901.363884
25,1229,0.010834,-20,0.971999,31013,939.199013
26,1289,0.010266,-20,0.970839,32298,978.001420
27,1267,0.009963,-20,0.969699,33561,1015.708098
28,1016,0.009971,-21,0.968784,34573,1049.132620
29,1318,0.010385,-20,0.967598,35887,1089.649742
30,1448,0.010365,-20,0.966295,37331,1134.380852
31,1535,0.009967,-19,0.964913,38862,1184.865709
32,1211,0.009711,-21,0.963824,40069,1221.540112
33,1174,0.009426,-21,0.962767,41239,1257.756951
34,1167,0.010013,-20,0.961717,42402,1294.185500
35,1483,0.008994,-18,0.960382,43881,1342.512127
36,1244,0.008999,-21,0.959262,45121,1383.473130
37,1253,0.009111,-21,0.958135,46370,1427.558708
38,1106,0.009252,-21,0.957139,47472,1465.208347
39,1260,0.009509,-21,0.956005,48728,1506.178843
40,1419,0.009655,-20,0.954728,50143,1551.887700
41,1222,0.008541,-21,0.953628,51361,1597.628931
42,1244,0.008645,-19,0.952509,52601,1645.980033
43,1401,0.009560,-20,0.951248,53998,1694.289152
44,1163,0.008260,-21,0.950201,55157,1732.571931
45,1259,0.009221,-20,0.949068,56412,1774.720640
46,1113,0.009475,-21,0.948066,57521,1812.701786
47,1133,0.008533,-21,0.947047,58650,1859.385570
48,1536,0.008237,-18,0.945664,60182,1916.888075
49,1399,0.008567,-19,0.944405,61577,1965.904310
50,1042,0.008982,-21,0.943467,62615,2004.550618
51,1245,0.008534,-19,0.942347,63856,2051.849481
52,1352,0.008595,-20,0.941130,65204,2106.582847
53,1280,0.008651,-20,0.939978,66480,2149.741414
54,1361,0.008401,-20,0.938753,67837,2200.215033
55,1165,0.008360,-21,0.937705,68998,2251.953299
56,1172,0.007528,-21,0.936650,70166,2295.922474
57,1371,0.008196,-20,0.935416,71533,2341.735427
58,1210,0.008380,-20,0.934327,72739,2383.795794
59,1337,0.008219,-20,0.933124,74072,2432.525054
60,1338,0.008102,-20,0.931920,75406,2483.428209
61,1232,0.008829,-19,0.930811,76634,2527.796739
62,1292,0.008034,-21,0.929648,77922,2573.349647
63,1018,0.008518,-21,0.928732,78936,2613.409602
64,1221,0.008296,-20,0.927633,80153,2659.799013
65,1325,0.007982,-19,0.926440,81474,2710.719555
66,1216,0.008265,-21,0.925346,82686,2756.655940
67,1243,0.008441,-21,0.924227,83925,2808.403738
68,1007,0.007348,-21,0.923321,84928,2860.603040
69,1334,0.007724,-20,0.922120,86258,2930.511955
70,1133,0.008124,-20,0.921101,87387,2974.602286
71,1320,0.008155,-20,0.919913,88703,3025.333709
72,1099,0.007100,-21,0.918924,89798,3066.701886
73,1012,0.008514,-21,0.918013,90806,3108.147620
74,1506,0.007806,-19,0.916657,92308,3166.792322
75,1207,0.007117,-20,0.915571,93511,3212.593586
76,1012,0.007910,-21,0.914660,94519,3253.750707
77,1096,0.008052,-21,0.913674,95611,3297.134111
78,1174,0.007975,-21,0.912617,96781,3344.043601
79,1086,0.007828,-21,0.911640,97863,3385.622555
80,1393,0.007523,-19,0.910386,99252,3439.754738
81,1304,0.007581,-20,0.909212,100552,3492.653770
82,1244,0.007454,-21,0.908093,101792,3540.914588
83,1201,0.007353,-20,0.907012,102989,3590.070475
84,1539,0.007628,-19,0.905627,104524,3651.047384
85,1509,0.007544,-18,0.904269,106029,3713.697713
86,1239,0.007430,-20,0.903154,107264,3762.763315
87,1228,0.007762,-20,0.902049,108488,3811.834581
88,1352,0.007348,-19,0.900832,109836,3873.688050
89,1091,0.007455,-21,0.899850,110923,3921.427137
90,1766,0.007005,-18,0.898260,112685,4001.854707
91,1177,0.007115,-20,0.897201,113858,4052.433121
92,1292,0.008184,-20,0.896038,115146,4107.468542
93,1268,0.007042,-21,0.894897,116410,4161.458917
94,1187,0.007237,-21,0.893829,117593,4210.791061
95,1144,0.007791,-21,0.892799,118733,4258.358250
96,1121,0.007815,-20,0.891790,119850,4306.578562
97,1416,0.007569,-20,0.890516,121262,4367.852639
98,1240,0.007107,-21,0.889400,122498,4422.296480
99,1252,0.006727,-20,0.888273,123746,4474.500965
100,1177,0.006986,-20,0.887214,124919,4527.610571
101,1129,0.007210,-21,0.886198,126044,4583.442350
102,1255,0.007450,-20,0.885068,127295,4638.965633
103,1238,0.007299,-19,0.883954,128529,4693.390256
104,1191,0.007692,-20,0.882882,129716,4747.139205
105,1097,0.007271,-21,0.881895,130809,4797.607677
106,1056,0.006976,-21,0.880944,131861,4844.179223
107,1084,0.007430,-21,0.879969,132941,4890.029933
108,1254,0.007034,-21,0.878840,134191,4946.692805
109,1055,0.007494,-21,0.877891,135242,4993.603117
110,1535,0.007172,-19,0.876509,136773,5060.723457
111,1053,0.006918,-21,0.875561,137822,5110.490919
112,1056,0.007357,-21,0.874611,138874,5156.909121
113,1132,0.007330,-21,0.873592,140002,5209.417627
114,1415,0.007684,-21,0.872319,141413,5273.967617
115,1149,0.007261,-21,0.871285,142558,5328.670064
116,1206,0.006860,-21,0.870199,143760,5383.804207
117,1215,0.007286,-21,0.869106,144971,5442.856685
118,1049,0.007228,-21,0.868162,146016,5491.546344
119,1386,0.007137,-20,0.866914,147398,5557.302809
120,1133,0.007449,-21,0.865895,148527,5609.242731
121,1280,0.006986,-21,0.864743,149803,5671.135938
122,1340,0.006763,-19,0.863537,151139,5745.586831
123,1244,0.006768,-20,0.862417,152379,5824.430492
124,1095,0.007551,-21,0.861432,153470,5880.437033
125,1170,0.007042,-21,0.860378,154636,5937.496139
126,1137,0.006663,-20,0.859355,155769,5994.314074
127,1100,0.006988,-21,0.858365,156865,6046.002992
128,1472,0.006892,-20,0.857040,158333,6116.623350
129,1045,0.007074,-21,0.856100,159374,6170.405742
130,1252,0.006585,-21,0.854973,160622,6230.064533
131,1198,0.007066,-20,0.853895,161816,6289.661824
132,1305,0.006892,-20,0.852720,163117,6355.499701
133,1206,0.006873,-20,0.851635,164319,6413.120930
134,1163,0.007037,-20,0.850588,165478,6471.432407
135,1297,0.006622,-20,0.849421,166771,6537.420190
136,1417,0.007162,-20,0.848146,168184,6608.961974
137,1263,0.007145,-21,0.847009,169443,6672.416111
138,1268,0.006757,-20,0.845868,170707,6735.789119
139,1159,0.006580,-21,0.844825,171862,6795.552783
140,1177,0.007319,-21,0.843765,173035,6857.355234
141,1712,0.007112,-20,0.842225,174743,6946.362436
142,1380,0.007152,-19,0.840983,176119,7018.589389
143,1382,0.007011,-18,0.839739,177497,7092.387000
144,1518,0.006555,-19,0.838373,179011,7173.003005
145,1283,0.007141,-20,0.837218,180290,7248.193191
146,1390,0.006911,-19,0.835967,181676,7322.915860
147,1203,0.006668,-21,0.834884,182875,7387.609002
148,1339,0.006802,-19,0.833679,184210,7460.706311
149,1175,0.006554,-21,0.832622,185381,7530.260439
150,1109,0.006321,-21,0.831623,186486,7593.408066
151,1233,0.007085,-21,0.830514,187715,7661.319577
152,1208,0.007207,-20,0.829427,188919,7725.416106
153,1507,0.006688,-19,0.828070,190422,7805.796365
154,1149,0.006880,-21,0.827036,191567,7868.686861
155,1176,0.006990,-21,0.825978,192739,7936.300303
156,1185,0.006868,-21,0.824911,193920,8002.349238
157,1105,0.006798,-21,0.823917,195021,8067.013524
158,1133,0.006652,-21,0.822897,196150,8131.144256
159,1122,0.006514,-21,0.821887,197268,8194.442193
160,1236,0.006976,-21,0.820775,198500,8269.829991
161,1238,0.006856,-20,0.819661,199734,8341.425418
162,1129,0.007051,-20,0.818645,200859,8405.500720
163,1218,0.006528,-21,0.817548,202073,8476.039649
164,1284,0.006532,-19,0.816393,203353,8550.878487
165,1427,0.007075,-19,0.815109,204776,8634.413847
166,1235,0.006550,-20,0.813997,206007,8705.337923
167,1186,0.006899,-21,0.812930,207189,8777.783627
168,1014,0.006858,-21,0.812017,208199,8836.900185
169,1270,0.007172,-20,0.810874,209465,8912.625852
170,1127,0.006555,-21,0.809860,210588,8981.696802
171,1192,0.006390,-21,0.808787,211776,9054.475750
172,1449,0.007052,-20,0.807483,213221,9141.404624
173,1258,0.006949,-20,0.806351,214475,9215.727798
174,1280,0.006230,-20,0.805199,215751,9294.639257
175,1041,0.006712,-21,0.804262,216788,9358.356560
176,1143,0.006531,-21,0.803233,217927,9430.520601
177,1213,0.007224,-20,0.802141,219136,9503.866234
178,1311,0.006590,-20,0.800961,220443,9593.275702
179,1153,0.006644,-20,0.799924,221592,9671.551784
180,1193,0.006663,-20,0.798850,222781,9747.955704
181,1344,0.006595,-20,0.797640,224121,9835.415447
182,1259,0.006796,-20,0.796507,225376,9917.368482
183,1117,0.006767,-21,0.795502,226489,9986.649224
184,1203,0.006165,-20,0.794419,227688,10066.982924
185,1128,0.006295,-20,0.793404,228812,10139.952109
186,1208,0.007345,-20,0.792317,230016,10218.932447
187,1326,0.006094,-20,0.791123,231338,10306.307486
188,1440,0.006412,-19,0.789828,232774,10404.835375
189,1282,0.006853,-20,0.788674,234052,10491.602385
190,1443,0.006839,-19,0.787375,235491,10588.154678
191,1307,0.006630,-19,0.786199,236794,10675.803695
192,1173,0.006646,-21,0.785143,237963,10759.314543
193,1424,0.006473,-20,0.783861,239383,10857.676859
194,1319,0.007163,-19,0.782674,240698,10946.512509
195,1120,0.006058,-21,0.781666,241814,11022.821876
196,1209,0.006842,-20,0.780578,243019,11108.089207
197,1160,0.007098,-21,0.779534,244175,11190.647093
198,1373,0.006119,-21,0.778299,245544,11290.339139
199,1143,0.006697,-21,0.777270,246683,11371.273446
200,1083,0.006410,-21,0.776295,247762,11449.048238
201,1230,0.006653,-20,0.775188,248988,11537.276764
202,1033,0.006323,-21,0.774258,250017,11615.156365
203,1301,0.006563,-19,0.773087,251314,11708.858530
204,1115,0.006628,-21,0.772084,252425,11791.115372
205,1271,0.007013,-19,0.770940,253692,11883.744745
206,1478,0.006236,-19,0.769610,255166,11993.962071
207,1088,0.007076,-21,0.768631,256250,12073.811778
208,1250,0.006498,-20,0.767506,257496,12167.503872
209,1089,0.006268,-21,0.766526,258581,12246.344287
210,1098,0.007230,-21,0.765537,259675,12327.982551
211,1048,0.006529,-21,0.764594,260719,12407.570468
212,1219,0.006301,-20,0.763497,261934,12499.472100
213,1310,0.006178,-20,0.762318,263240,12612.308146
214,1204,0.006688,-21,0.761235,264440,12707.017990
215,1186,0.006739,-21,0.760167,265622,12798.640528
216,1110,0.006487,-21,0.759168,266728,12890.684408
217,1353,0.006192,-20,0.757950,268077,13008.839656
218,1325,0.006603,-20,0.756758,269398,13110.671112
219,1265,0.006697,-21,0.755619,270659,13211.354491
220,1203,0.006502,-20,0.754537,271858,13304.279609
221,1124,0.006304,-20,0.753525,272978,13393.675790
222,1463,0.006534,-19,0.752208,274437,13521.965367
223,1469,0.006590,-20,0.750886,275902,13643.252720
224,1207,0.006638,-20,0.749800,277105,13739.922199
225,1360,0.006399,-19,0.748576,278461,13847.979364
226,1423,0.006475,-20,0.747295,279880,13966.957081
227,1336,0.006675,-21,0.746093,281212,14073.577084
228,1173,0.006405,-21,0.745037,282381,14169.030824
229,1191,0.006683,-21,0.743965,283568,14272.118132
230,1014,0.006331,-21,0.743053,284578,14364.537191
231,1378,0.006591,-19,0.741812,285952,14485.188242
232,1154,0.006228,-21,0.740774,287102,14578.694787
233,1556,0.006341,-19,0.739373,288654,14706.893315
234,1233,0.006319,-21,0.738264,289883,14810.475105
235,1120,0.006483,-21,0.737256,290999,14906.414311
236,1212,0.006279,-20,0.736165,292207,15011.274832
237,1377,0.005995,-19,0.734926,293580,15128.159820
238,1351,0.006621,-21,0.733710,294927,15243.705495
239,1060,0.006918,-21,0.732756,295983,15340.113465
240,1185,0.006297,-20,0.731689,297164,15445.386516
241,1173,0.006135,-21,0.730634,298333,15549.211673
242,1363,0.006809,-21,0.729407,299692,15669.831609
243,1385,0.006337,-19,0.728160,301073,15793.013778
244,1171,0.006485,-21,0.727106,302240,15896.446704
245,1267,0.006242,-20,0.725966,303503,16013.407902
246,1189,0.006208,-21,0.724896,304688,16123.166791
247,1209,0.006491,-20,0.723808,305893,16229.442159
248,1204,0.005683,-20,0.722724,307093,16339.578202
249,1147,0.006757,-21,0.721692,308236,16445.858226
250,1135,0.006746,-20,0.720671,309367,16548.760488
251,1020,0.006020,-21,0.719753,310383,16640.701106
252,1133,0.006486,-21,0.718733,311512,16746.588366
253,1125,0.006185,-21,0.717720,312633,16850.599343
254,1105,0.006276,-21,0.716726,313734,16952.778811
255,1004,0.006201,-21,0.715822,314734,17047.728888
256,1426,0.006264,-19,0.714539,316156,17181.267156
257,1164,0.006335,-21,0.713491,317316,17290.802529
258,1113,0.006380,-20,0.712490,318425,17395.830246
259,1317,0.006397,-20,0.711304,319738,17524.357943
260,1280,0.006334,-21,0.710152,321014,17644.623701
261,1279,0.006286,-20,0.709001,322289,17765.759734
262,1335,0.006239,-19,0.707800,323620,17894.847212
263,1079,0.006124,-21,0.706829,324695,17998.454420
264,1188,0.006749,-20,0.705759,325879,18113.497550
265,1193,0.006128,-21,0.704686,327068,18230.724804
266,1373,0.006400,-20,0.703450,328437,18364.172948
267,1249,0.006074,-21,0.702326,329682,18486.938173
268,1142,0.006306,-21,0.701298,330820,18599.941630
269,1057,0.005996,-21,0.700347,331873,18707.997743
270,1138,0.006305,-21,0.699323,333007,18821.762008
271,1268,0.006062,-21,0.698181,334271,18948.683145
272,1314,0.006434,-21,0.696999,335581,19082.549373
273,1276,0.005940,-20,0.695850,336853,19215.077952
274,1177,0.005740,-21,0.694791,338026,19333.362085
275,1154,0.005844,-20,0.693752,339176,19453.831219
276,1242,0.006697,-21,0.692635,340414,19581.546324
277,1224,0.006309,-21,0.691533,341634,19709.823028
278,1195,0.006188,-20,0.690458,342825,19834.712912
279,1045,0.005462,-21,0.689517,343866,19943.642292
280,1199,0.006519,-20,0.688438,345061,20069.257469
281,1207,0.006112,-20,0.687352,346264,20199.739023
282,1273,0.006614,-20,0.686206,347533,20337.830182
283,1303,0.006036,-20,0.685033,348832,20477.308127
284,1301,0.006584,-21,0.683862,350129,20618.692783
285,1325,0.006336,-19,0.682670,351450,20768.015524
286,1217,0.006011,-21,0.681575,352663,20900.563327
287,1125,0.005860,-20,0.680562,353784,21035.774915
288,1661,0.005944,-20,0.679067,355441,21231.432265
289,1227,0.006066,-20,0.677963,356664,21366.916896
290,1157,0.006084,-21,0.676922,357817,21495.484808
291,1455,0.006346,-19,0.675612,359268,21655.492002
292,1322,0.006253,-20,0.674422,360586,21800.975969
293,1355,0.006097,-20,0.673203,361937,21953.579897
294,1281,0.006126,-21,0.672050,363214,22096.823474
295,1479,0.006208,-19,0.670719,364689,22263.309557
296,1140,0.006246,-21,0.669693,365825,22392.833083
297,1339,0.006098,-21,0.668488,367160,22543.510169
298,1108,0.005862,-21,0.667490,368264,22669.810107
299,1206,0.006284,-20,0.666405,369466,22806.021337
300,1048,0.006289,-21,0.665462,370510,22925.381778
301,1228,0.006304,-21,0.664357,371734,23065.382810
302,1261,0.006295,-20,0.663222,372991,23208.252580
303,1040,0.006472,-21,0.662286,374027,23327.339871
304,1083,0.006418,-21,0.661311,375106,23453.348314
305,1151,0.006220,-20,0.660275,376253,23584.493564
306,1147,0.006370,-20,0.659243,377396,23720.919144
307,1203,0.005790,-20,0.658160,378595,23864.094221
308,1155,0.005974,-21,0.657121,379746,23996.118021
309,1067,0.005863,-21,0.656160,380809,24120.231421
310,1224,0.005670,-20,0.655059,382029,24268.199208
311,1518,0.005992,-17,0.653693,383543,24446.919166
312,1106,0.006094,-21,0.652697,384645,24589.573697
313,1174,0.006393,-21,0.651641,385815,24729.618703
314,1312,0.005717,-21,0.650460,387123,24886.285213
315,1371,0.006029,-19,0.649226,388490,25049.557153
316,1266,0.006290,-21,0.648087,389752,25200.505419
317,1156,0.006080,-20,0.647046,390904,25340.655160
318,1238,0.006037,-20,0.645932,392138,25491.950909
319,1548,0.006535,-20,0.644539,393682,25679.255776
320,1065,0.005984,-21,0.643580,394743,25821.594958
321,1409,0.005798,-20,0.642312,396148,26025.382704
322,1105,0.005987,-20,0.641318,397249,26177.597727
323,1085,0.005800,-21,0.640341,398330,26333.865739
324,1320,0.006069,-21,0.639153,399646,26513.997143
325,1313,0.005585,-21,0.637971,400955,26702.823246
326,1165,0.005827,-20,0.636923,402116,26861.625307
327,1193,0.005856,-20,0.635849,403305,27042.410654
328,1302,0.006286,-20,0.634677,404603,27224.326061
329,1110,0.005488,-21,0.633678,405709,27381.760878
330,1144,0.005933,-21,0.632649,406849,27539.728245
331,1120,0.006326,-21,0.631641,407965,27709.060599
332,1113,0.005854,-20,0.630639,409074,27862.568243
333,1116,0.006174,-21,0.629635,410186,28019.911948
334,1183,0.005445,-21,0.628570,411365,28193.475350
335,1415,0.005894,-19,0.627296,412776,28395.643240
336,1132,0.005991,-20,0.626278,413904,28573.384889
337,1377,0.005844,-20,0.625038,415277,28795.741967
338,1103,0.006008,-21,0.624046,416376,28953.209924
339,1062,0.005894,-21,0.623090,417434,29110.246338
340,1202,0.005887,-20,0.622008,418632,29281.847158
341,1106,0.005899,-21,0.621013,419734,29445.544339
342,1184,0.005884,-21,0.619947,420914,29621.972701
343,1261,0.005873,-20,0.618812,422171,29804.490435
344,1266,0.006117,-20,0.617673,423433,29987.177405
345,1335,0.006059,-20,0.616471,424764,30189.408798
346,1460,0.006370,-19,0.615157,426220,30404.959332
347,1192,0.005733,-21,0.614084,427408,30582.417186
348,1101,0.006347,-21,0.613094,428505,30746.011251
349,1052,0.005861,-21,0.612147,429553,30904.212814
350,1432,0.005608,-20,0.610858,430981,31113.729026
351,1106,0.005814,-21,0.609863,432083,31282.104220
352,1104,0.005890,-21,0.608869,433183,31450.540369
353,1135,0.006289,-21,0.607847,434314,31618.485653
354,1321,0.006263,-20,0.606659,435631,31817.838461
355,1246,0.006207,-21,0.605537,436873,32006.420361
356,1114,0.005497,-20,0.604535,437983,32176.787953
357,1301,0.005902,-19,0.603364,439280,32377.570612
358,1415,0.005929,-21,0.602090,440691,32592.800006
359,1107,0.005954,-21,0.601094,441794,32761.027360
360,1361,0.006032,-20,0.599869,443151,32975.243711
361,1420,0.006044,-21,0.598591,444567,33197.132815
362,1368,0.006251,-20,0.597360,445931,33420.656553
363,1386,0.005765,-19,0.596112,447313,33666.892141
364,1392,0.005465,-20,0.594860,448701,33902.976981
365,1110,0.005774,-21,0.593861,449807,34093.361276
366,1536,0.006192,-21,0.592478,451339,34358.384682
367,1131,0.005235,-21,0.591460,452466,34549.049794
368,1252,0.005666,-21,0.590333,453714,34792.557072
369,1265,0.006021,-21,0.589195,454975,35024.920764
370,1105,0.006272,-21,0.588200,456076,35232.491089
371,1093,0.005814,-21,0.587217,457165,35434.657652
372,1274,0.005681,-20,0.586070,458435,35667.736142
373,1177,0.005752,-21,0.585011,459608,35896.268916
374,1495,0.005960,-18,0.583665,461099,36180.219901
375,1176,0.006056,-20,0.582607,462271,36413.305611
376,1247,0.006018,-21,0.581485,463514,36654.930438
377,1163,0.005925,-20,0.580438,464673,36869.306384
378,1381,0.006017,-19,0.579195,466050,37100.296377
379,1031,0.005743,-21,0.578267,467077,37268.570177
380,1045,0.006510,-21,0.577327,468118,37447.114738
381,1598,0.005721,-17,0.575889,469712,37716.816681
382,1364,0.006086,-19,0.574661,471072,37946.253211
383,1104,0.005743,-21,0.573667,472172,38142.550090
384,1311,0.006011,-19,0.572487,473479,38366.068257
385,1294,0.005505,-19,0.571323,474769,38600.392363
386,1259,0.006133,-21,0.570190,476024,38825.018769
387,1428,0.005582,-19,0.568904,477448,39083.747040
388,1202,0.005805,-20,0.567823,478646,39306.769966
389,1215,0.006136,-20,0.566729,479857,39539.591072
390,1118,0.005970,-20,0.565723,480971,39749.733688
391,1104,0.005187,-21,0.564729,482071,39954.938198
392,1395,0.005962,-21,0.563474,483462,40221.758768
393,1006,0.005722,-21,0.562569,484464,40420.758363
394,1398,0.006024,-20,0.561310,485858,40671.628332
395,1207,0.005994,-20,0.560224,487061,40922.230042
396,1420,0.005751,-20,0.558946,488477,41209.891952
397,1257,0.006089,-21,0.557815,489730,41466.038434
398,1167,0.005478,-21,0.556764,490893,41700.425432
399,1196,0.005752,-20,0.555688,492085,41947.165220
400,1112,0.005991,-21,0.554687,493193,42177.618837
401,1340,0.006132,-21,0.553481,494529,42458.251353
402,1257,0.005865,-19,0.552350,495782,42725.921511
403,1054,0.005554,-21,0.551401,496832,42963.309054
404,1105,0.005929,-21,0.550407,497933,43198.166891
405,1316,0.005553,-19,0.549222,499245,43483.029961
406,1223,0.005804,-20,0.548122,500464,43759.727813
407,1013,0.005968,-21,0.547210,501473,43999.796217
408,1147,0.005980,-21,0.546178,502616,44267.398323
409,1060,0.005937,-21,0.545224,503672,44513.073077
410,1104,0.005808,-21,0.544230,504772,44773.730678
411,1316,0.005736,-19,0.543046,506084,45075.854286
412,1119,0.005641,-21,0.542039,507199,45327.210840
413,1244,0.005967,-20,0.540919,508439,45617.234624
414,1054,0.005511,-21,0.539970,509489,45877.644414
415,1026,0.005520,-21,0.539047,510511,46131.249784
416,1071,0.005562,-21,0.538083,511578,46395.558573
417,1116,0.006006,-20,0.537079,512690,46675.756531
418,1468,0.006252,-18,0.535757,514154,47053.470509
419,1248,0.006007,-21,0.534634,515398,47363.460869
420,1252,0.005420,-19,0.533508,516646,47684.693689
421,1129,0.006162,-20,0.532491,517771,47960.540441
422,1242,0.005932,-20,0.531374,519009,48272.160927
423,1095,0.005616,-21,0.530388,520100,48550.171414
424,1155,0.005470,-20,0.529349,521251,48852.262192
425,1300,0.005431,-20,0.528179,522547,49186.185505
426,1349,0.006219,-21,0.526964,523892,49548.803420
427,1152,0.005243,-20,0.525928,525040,49867.696530
428,1036,0.005540,-21,0.524995,526072,50164.390595
429,1020,0.006135,-21,0.524077,527088,50471.572432
430,1251,0.005643,-20,0.522951,528335,50846.718416
431,1119,0.005569,-21,0.521944,529450,51186.437486
432,1146,0.005621,-21,0.520913,530592,51537.980440
433,1014,0.005862,-21,0.520000,531602,51874.245695
434,1099,0.005956,-21,0.519011,532697,52227.631304
435,1119,0.006049,-20,0.518004,533812,52594.113976
436,1098,0.005842,-21,0.517016,534906,52963.550993
437,1326,0.005422,-21,0.515822,536228,53432.825359
438,1309,0.005839,-20,0.514644,537533,53908.570071
439,1167,0.006003,-21,0.513594,538696,54323.528207
440,1421,0.006070,-18,0.512315,540113,54836.321022
441,1303,0.005677,-20,0.511142,541412,55332.071408
442,1019,0.005700,-21,0.510225,542427,55696.260112
443,1029,0.005697,-21,0.509299,543452,56058.846492
444,1172,0.006262,-20,0.508244,544620,56472.411834
445,1158,0.005898,-20,0.507202,545774,56891.119949
446,1344,0.006317,-20,0.505993,547114,57370.492319
447,1266,0.005955,-20,0.504853,548376,57839.111551
448,1011,0.005652,-21,0.503943,549383,58214.671941
449,1356,0.005466,-20,0.502723,550735,58700.529797
450,1124,0.005631,-21,0.501711,551855,59110.835081
451,1205,0.005412,-20,0.500627,553056,59573.812863
452,1145,0.005702,-21,0.499596,554197,60057.188248
453,1069,0.005553,-21,0.498634,555262,60489.396149
454,1198,0.005909,-20,0.497556,556456,60993.154099
455,1043,0.005919,-21,0.496617,557495,61418.787290
456,1095,0.005740,-21,0.495632,558586,61857.332732
457,1304,0.005952,-21,0.494458,559886,62394.139637
458,1186,0.005741,-21,0.493391,561068,62883.669624
459,1048,0.005617,-21,0.492448,562112,63334.210374
460,1151,0.005751,-20,0.491412,563259,63838.001882
461,1064,0.005569,-21,0.490454,564319,64275.503120
462,1225,0.006155,-20,0.489352,565540,64760.837814
463,1098,0.006361,-21,0.488363,566634,65205.318153
464,1271,0.006138,-21,0.487220,567901,65701.306897
465,1187,0.006298,-20,0.486151,569084,66167.401773
466,1090,0.006081,-21,0.485170,570170,66616.462558
467,1407,0.005913,-18,0.483904,571573,67205.330479
468,1028,0.005204,-21,0.482979,572597,67641.227897
469,1012,0.005924,-21,0.482068,573605,68049.473429
470,1206,0.005710,-20,0.480983,574807,68568.933582
471,1142,0.005876,-20,0.479955,575945,69065.035110
472,1097,0.005671,-21,0.478967,577038,69577.443416
473,1032,0.005759,-21,0.478039,578066,70060.442939
474,1016,0.005892,-21,0.477124,579078,70567.371387
475,1018,0.005361,-21,0.476208,580092,71031.122610
476,1201,0.005758,-21,0.475127,581289,71541.021213
477,1136,0.005558,-21,0.474105,582421,71991.335450
478,1029,0.005833,-21,0.473179,583446,72428.566810
