episode,num_iters,loss,sum_rewards,curr_eps,len_experience,time
1,1828,0.017386,-19,0.499269,201824,78.345377
2,2166,0.014651,-18,0.498403,203986,171.988250
3,2207,0.013214,-17,0.497520,206189,270.076624
4,2248,0.012072,-19,0.496621,208433,369.692416
5,2343,0.012292,-18,0.495684,210772,475.253657
6,2271,0.010905,-15,0.494775,213039,579.282564
7,1697,0.010292,-20,0.494096,214732,658.013640
8,1918,0.010268,-17,0.493329,216646,747.550183
9,2060,0.009778,-17,0.492505,218702,845.188924
10,1880,0.010120,-20,0.491753,220578,935.305149
11,2199,0.009984,-19,0.490874,222773,1041.630802
12,2022,0.009363,-20,0.490065,224791,1140.580246
13,2111,0.009127,-16,0.489220,226898,1245.201654
14,1872,0.009268,-19,0.488472,228766,1339.437893
15,2508,0.009426,-15,0.487468,231270,1466.894077
16,2108,0.008719,-18,0.486625,233374,1575.714310
17,1959,0.008549,-19,0.485842,235329,1679.416056
18,2222,0.008695,-19,0.484953,237547,1796.897059
19,1985,0.008529,-18,0.484159,239528,1903.267622
20,1884,0.008911,-19,0.483405,241408,2005.432708
21,1962,0.008685,-17,0.482620,243366,2113.102323
22,1643,0.008956,-19,0.481963,245005,2203.785498
23,2011,0.008466,-17,0.481159,247012,2316.201926
24,2034,0.008214,-16,0.480345,249042,2431.752690
25,1975,0.008689,-17,0.479555,251013,2544.538717
26,2174,0.008811,-17,0.478686,253183,2670.214762
27,2167,0.008574,-17,0.477819,255346,2796.568365
28,2084,0.008336,-16,0.476985,257426,2921.572001
29,2579,0.008571,-15,0.475954,260001,3081.992140
30,1877,0.008831,-18,0.475203,261874,3199.486314
31,1797,0.008230,-18,0.474484,263667,3313.886150
32,2017,0.008264,-15,0.473677,265680,3441.829105
33,1783,0.008047,-18,0.472964,267459,3558.263972
34,2100,0.008518,-16,0.472124,269555,3695.606872
35,2179,0.008192,-16,0.471252,271730,3838.456783
36,2019,0.007994,-18,0.470445,273745,3972.617946
37,1904,0.008052,-19,0.469683,275645,4100.196913
38,2073,0.007751,-15,0.468854,277714,4240.417323
39,2040,0.008078,-19,0.468038,279750,4380.311644
40,1549,0.007819,-20,0.467418,281295,4487.431313
41,2300,0.007356,-15,0.466498,283591,4647.819189
42,1913,0.007249,-16,0.465733,285500,4782.981792
43,2111,0.007457,-17,0.464889,287607,4933.865204
44,1919,0.007360,-16,0.464121,289522,5072.629440
45,1848,0.007693,-19,0.463382,291366,5207.544913
46,1761,0.007493,-19,0.462678,293123,5339.381897
47,2029,0.007602,-17,0.461866,295148,5490.623408
48,1773,0.007549,-18,0.461157,296917,5624.126502
49,2128,0.007595,-18,0.460306,299041,5785.993020
50,2097,0.007679,-17,0.459467,301134,5946.463105
51,2027,0.007487,-17,0.458656,303157,6102.906477
52,2031,0.007291,-16,0.457844,305184,6261.457984
53,2370,0.007351,-13,0.456896,307550,6448.307017
54,2606,0.007165,-16,0.455853,310152,6656.370104
55,1988,0.007294,-18,0.455058,312136,6816.760215
56,2254,0.007094,-19,0.454156,314386,7000.453429
57,1764,0.007077,-18,0.453451,316146,7148.116655
58,2152,0.007286,-16,0.452590,318294,7327.110177
59,1878,0.007186,-16,0.451839,320168,7485.088587
60,1691,0.007267,-19,0.451162,321855,7628.890314
61,2118,0.007194,-19,0.450315,323969,7809.623520
62,2159,0.007166,-18,0.449452,326124,7996.422236
63,2120,0.007011,-19,0.448604,328240,8181.451620
64,1738,0.007140,-19,0.447908,329974,8333.969374
65,1733,0.007429,-18,0.447215,331703,8487.824556
66,1898,0.006861,-19,0.446456,333597,8657.315641
67,2340,0.006820,-14,0.445520,335933,8869.588720
68,2046,0.007052,-20,0.444702,337975,9057.076546
69,2564,0.007253,-17,0.443676,340535,9293.703032
70,2400,0.007194,-18,0.442716,342931,9517.065581
71,1915,0.006990,-20,0.441950,344842,9697.148247
72,1990,0.007518,-17,0.441154,346828,9885.866906
73,2383,0.007150,-15,0.440201,349207,10114.184145
74,1966,0.007163,-18,0.439414,350000,10304.327726
75,1800,0.006920,-20,0.438694,350000,10478.646381
76,2060,0.007018,-19,0.437870,350000,10679.859394
77,2089,0.007108,-20,0.437035,350000,10882.328987
78,2156,0.007275,-16,0.436172,350000,11091.242204
79,2256,0.007009,-16,0.435270,350000,11310.096623
80,2117,0.007032,-18,0.434423,350000,11515.254236
81,1754,0.007296,-18,0.433722,350000,11685.146462
82,1704,0.006714,-19,0.433040,350000,11850.270692
83,2259,0.007173,-18,0.432136,350000,12068.752257
84,2459,0.007035,-16,0.431153,350000,12307.049325
85,2285,0.007114,-16,0.430239,350000,12529.968545
86,1688,0.006866,-19,0.429564,350000,12693.752703
87,2167,0.006966,-19,0.428697,350000,12903.791399
88,2419,0.007148,-13,0.427729,350000,13138.436011
89,1766,0.007599,-19,0.427023,350000,13309.946714
90,2233,0.006387,-18,0.426130,350000,13526.481748
91,2123,0.007094,-18,0.425280,350000,13732.179305
92,2208,0.006960,-19,0.424397,350000,13946.326124
93,1703,0.006790,-20,0.423716,350000,14111.662390
94,1997,0.006937,-18,0.422917,350000,14306.593801
95,2286,0.007143,-15,0.422003,350000,14528.361885
96,2121,0.006680,-16,0.421154,350000,14734.124455
97,2168,0.006889,-19,0.420287,350000,14944.851558
98,2362,0.007095,-17,0.419342,350000,15174.057887
99,2523,0.006890,-16,0.418333,350000,15418.649735
100,1721,0.006803,-19,0.417645,350000,15585.610059
101,2595,0.006928,-17,0.416607,350000,15837.387397
102,2300,0.006795,-18,0.415687,350000,16061.797572
103,3056,0.007037,-14,0.414464,350000,16358.586895
104,1993,0.006959,-18,0.413667,350000,16551.931643
105,1966,0.007013,-18,0.412881,350000,16742.860834
106,2434,0.006981,-15,0.411907,350000,16979.081013
107,2088,0.007070,-19,0.411072,350000,17181.429173
108,2104,0.006810,-18,0.410230,350000,17385.596424
109,2233,0.006937,-15,0.409337,350000,17602.406342
110,2320,0.006862,-15,0.408409,350000,17826.997762
111,2495,0.007022,-15,0.407411,350000,18070.208695
112,2121,0.006894,-17,0.406563,350000,18275.968302
113,2142,0.006754,-18,0.405706,350000,18483.690894
114,1948,0.006671,-18,0.404927,350000,18672.588311
115,2079,0.006714,-18,0.404095,350000,18874.403982
116,1687,0.006982,-20,0.403420,350000,19038.042520
117,2599,0.006594,-17,0.402381,350000,19290.260153
118,1964,0.006597,-19,0.401595,350000,19480.892650
119,2171,0.006612,-18,0.400727,350000,19692.679499
120,1861,0.006826,-19,0.399982,350000,19873.196639
121,2232,0.006840,-18,0.399090,350000,20089.596359
122,2383,0.006781,-17,0.398136,350000,20320.945659
123,2628,0.006608,-12,0.397085,350000,20575.847583
124,2012,0.006607,-18,0.396280,350000,20771.125504
125,2252,0.006487,-16,0.395380,350000,20989.717397
126,2435,0.006590,-16,0.394406,350000,21225.929856
127,1861,0.006583,-18,0.393661,350000,21406.638923
128,1402,0.006311,-19,0.393100,350000,21544.108432
129,1680,0.006516,-21,0.392428,350000,21706.941919
130,2157,0.006750,-17,0.391566,350000,21916.305908
131,3022,0.006602,-15,0.390357,350000,22209.303538
132,1655,0.006407,-21,0.389695,350000,22369.901810
133,2535,0.006275,-18,0.388681,350000,22616.440532
134,2193,0.006190,-18,0.387804,350000,22829.204028
135,2266,0.006619,-17,0.386897,350000,23048.653449
136,2546,0.006426,-14,0.385879,350000,23296.821809
137,1950,0.006452,-19,0.385099,350000,23485.899690
138,2612,0.006867,-13,0.384054,350000,23738.826635
139,2492,0.006945,-18,0.383057,350000,23980.808791
140,2282,0.006441,-19,0.382144,350000,24202.277332
141,2797,0.006526,-13,0.381026,350000,24473.830061
142,2247,0.006524,-16,0.380127,350000,24691.625296
143,2759,0.006669,-17,0.379023,350000,24960.593304
144,1857,0.006427,-17,0.378280,350000,25142.239376
145,1999,0.007020,-18,0.377481,350000,25336.267603
146,1920,0.006538,-18,0.376713,350000,25522.717097
147,2029,0.006777,-17,0.375901,350000,25721.908738
148,1909,0.006582,-19,0.375138,350000,25907.234735
149,2387,0.006778,-17,0.374183,350000,26138.537038
150,2178,0.006828,-17,0.373312,350000,26352.350425
151,1666,0.006673,-20,0.372645,350000,26514.311184
152,2282,0.006628,-19,0.371732,350000,26736.311881
153,1610,0.006199,-19,0.371088,350000,26893.960037
154,2468,0.006804,-17,0.370101,350000,27133.659721
155,1906,0.006560,-19,0.369339,350000,27319.214435
156,1721,0.006380,-20,0.368650,350000,27486.748463
157,2296,0.006516,-19,0.367732,350000,27709.514504
158,2161,0.006901,-15,0.366868,350000,27919.453248
159,2644,0.006651,-14,0.365810,350000,28176.538053
160,1979,0.006745,-18,0.365018,350000,28371.536501
161,2143,0.006771,-19,0.364161,350000,28580.020656
162,2259,0.006942,-18,0.363258,350000,28801.434817
163,2494,0.006840,-14,0.362260,350000,29043.990012
164,2399,0.006843,-16,0.361300,350000,29276.962054
165,2779,0.006857,-15,0.360189,350000,29546.886753
166,1845,0.006878,-19,0.359451,350000,29725.782573
167,2670,0.006647,-19,0.358383,350000,29985.249623
168,1897,0.006709,-17,0.357624,350000,30169.040110
169,2256,0.006769,-19,0.356722,350000,30388.993810
170,2325,0.006892,-18,0.355792,350000,30618.636834
171,2185,0.006711,-18,0.354918,350000,30831.163276
172,2129,0.006700,-19,0.354066,350000,31037.251182
173,2018,0.006852,-18,0.353259,350000,31236.220717
174,1791,0.006613,-19,0.352542,350000,31413.956784
175,2127,0.006957,-18,0.351692,350000,31620.000591
176,2426,0.006503,-16,0.350721,350000,31854.649688
177,2477,0.006372,-14,0.349730,350000,32094.592288
178,2708,0.006684,-12,0.348647,350000,32358.071618
179,1953,0.006707,-18,0.347866,350000,32547.097113
180,2457,0.006545,-16,0.346883,350000,32785.284353
181,2058,0.006519,-17,0.346060,350000,32984.435199
182,2497,0.006470,-16,0.345061,350000,33225.975922
183,2682,0.006672,-17,0.343988,350000,33485.382454
184,2774,0.006554,-14,0.342879,350000,33753.632050
185,2723,0.006370,-14,0.341790,350000,34017.880191
186,2429,0.006190,-16,0.340818,350000,34254.353185
187,2107,0.006517,-17,0.339975,350000,34459.360014
188,2446,0.006680,-15,0.338997,350000,34696.248706
189,2183,0.006284,-17,0.338124,350000,34907.676302
190,2630,0.006343,-15,0.337072,350000,35162.289908
191,2878,0.006267,-15,0.335920,350000,35440.689355
192,2179,0.006482,-17,0.335049,350000,35651.442847
193,2004,0.006345,-18,0.334247,350000,35845.041871
194,1945,0.006490,-19,0.333469,350000,36034.032807
195,2453,0.006019,-16,0.332488,350000,36271.721268
196,2457,0.006408,-16,0.331505,350000,36509.717377
197,2663,0.006349,-14,0.330440,350000,36767.114451
198,2193,0.006593,-18,0.329563,350000,36979.487884
199,3281,0.006181,-13,0.328250,350000,37297.038841
200,2010,0.006495,-20,0.327446,350000,37491.936278
201,2171,0.006318,-16,0.326578,350000,37703.341646
202,2361,0.006562,-16,0.325634,350000,37932.230282
203,2478,0.006109,-13,0.324642,350000,38172.252009
204,3058,0.006231,-16,0.323419,350000,38468.154757
205,1860,0.006232,-20,0.322675,350000,38648.320657
206,2213,0.006201,-16,0.321790,350000,38862.587962
207,2384,0.006398,-16,0.320836,350000,39093.419448
208,2994,0.006713,-14,0.319639,350000,39384.425502
209,2899,0.006533,-15,0.318479,350000,39666.147694
210,2273,0.006326,-17,0.317570,350000,39886.400538
211,2727,0.006166,-14,0.316479,350000,40150.510149
212,2185,0.006266,-16,0.315605,350000,40362.054707
213,2090,0.006508,-18,0.314769,350000,40564.538542
214,2745,0.006508,-13,0.313671,350000,40830.318974
215,2049,0.006324,-16,0.312852,350000,41028.911904
216,1871,0.006415,-19,0.312103,350000,41210.087340
217,2265,0.006588,-15,0.311197,350000,41430.654179
218,2792,0.006197,-13,0.310080,350000,41700.919504
219,2929,0.005930,-14,0.308909,350000,41984.723112
220,2284,0.006134,-17,0.307995,350000,42206.130801
221,2430,0.006532,-16,0.307023,350000,42441.366994
222,2465,0.006087,-16,0.306037,350000,42680.503656
223,3044,0.006229,-15,0.304820,350000,42975.430289
224,2529,0.006197,-14,0.303808,350000,43221.607427
225,2669,0.006562,-17,0.302740,350000,43480.127102
226,2510,0.006324,-17,0.301736,350000,43723.398077
227,2312,0.006274,-17,0.300812,350000,43946.882310
228,2638,0.006201,-16,0.299756,350000,44202.561783
229,2249,0.006234,-18,0.298857,350000,44420.296066
230,2676,0.006406,-18,0.297786,350000,44679.896867
231,2920,0.006380,-13,0.296618,350000,44963.496109
232,2183,0.006416,-17,0.295745,350000,45175.020219
233,2513,0.006482,-15,0.294740,350000,45418.653663
234,3163,0.006296,-10,0.293475,350000,45725.136179
235,2714,0.006539,-15,0.292389,350000,45988.132864
236,2692,0.006319,-14,0.291312,350000,46248.797767
237,2193,0.006202,-16,0.290435,350000,46461.496343
238,2393,0.006219,-16,0.289478,350000,46694.441644
239,2803,0.006177,-13,0.288357,350000,46966.486721
240,2782,0.006382,-16,0.287244,350000,47235.225768
241,2304,0.006218,-18,0.286322,350000,47458.647912
242,2065,0.005968,-19,0.285496,350000,47658.951876
243,1869,0.006167,-19,0.284749,350000,47839.921372
244,2097,0.006386,-19,0.283910,350000,48043.201623
245,2500,0.006208,-18,0.282910,350000,48285.090660
246,2509,0.006338,-17,0.281906,350000,48529.136616
247,2228,0.006046,-17,0.281015,350000,48744.893795
248,1818,0.005768,-21,0.280288,350000,48921.727924
249,2143,0.005965,-17,0.279431,350000,49129.348155
250,2643,0.005856,-17,0.278374,350000,49385.415067
251,2117,0.005935,-18,0.277527,350000,49590.289879
252,2347,0.005757,-18,0.276588,350000,49818.033128
253,3036,0.006119,-14,0.275374,350000,50111.737256
254,2307,0.005731,-17,0.274451,350000,50336.427982
255,2318,0.006107,-15,0.273524,350000,50561.128985
256,2004,0.005801,-20,0.272722,350000,50755.543709
257,3145,0.005943,-13,0.271464,350000,51060.357427
258,3300,0.005785,-12,0.270144,350000,51380.109512
259,2740,0.005963,-14,0.269048,350000,51645.590042
260,2289,0.006010,-16,0.268132,350000,51867.339295
261,1809,0.006162,-21,0.267409,350000,52042.929534
262,2813,0.006207,-17,0.266284,350000,52316.560246
263,2241,0.006183,-17,0.265387,350000,52534.027435
264,2510,0.005991,-17,0.264383,350000,52777.581456
265,2056,0.006274,-18,0.263561,350000,52977.125893
266,2869,0.006131,-14,0.262413,350000,53255.410405
267,2532,0.006114,-14,0.261400,350000,53500.622815
268,2204,0.006156,-18,0.260519,350000,53713.995839
269,2723,0.006474,-14,0.259430,350000,53979.890742
270,2329,0.006347,-19,0.258498,350000,54205.850975
271,2947,0.006307,-15,0.257319,350000,54491.599726
272,2523,0.006340,-15,0.256310,350000,54736.474937
273,2597,0.006331,-18,0.255271,350000,54988.519760
274,2843,0.006236,-16,0.254134,350000,55264.387818
275,2611,0.006183,-17,0.253090,350000,55517.931649
276,3110,0.006221,-11,0.251846,350000,55820.736519
277,3260,0.006085,-13,0.250542,350000,56137.153900
278,2681,0.005968,-17,0.249469,350000,56397.200587
279,2534,0.005898,-16,0.248456,350000,56642.670108
280,2171,0.006153,-17,0.247587,350000,56853.429991
281,2235,0.006536,-18,0.246693,350000,57072.019424
282,2635,0.006077,-17,0.245639,350000,57327.701248
283,2172,0.006430,-19,0.244770,350000,57540.119987
284,2778,0.006252,-14,0.243659,350000,57809.796937
285,2531,0.006261,-15,0.242647,350000,58056.153545
286,2570,0.005926,-17,0.241619,350000,58306.124796
287,3005,0.005998,-13,0.240417,350000,58598.305240
288,2904,0.006131,-15,0.239255,350000,58881.058903
289,3294,0.006254,-11,0.237938,350000,59201.588218
290,3272,0.005853,-14,0.236629,350000,59521.136748
291,2610,0.006179,-16,0.235585,350000,59775.281290
292,2819,0.005937,-16,0.234457,350000,60049.860976
293,2322,0.005821,-18,0.233528,350000,60277.526508
294,2502,0.006011,-15,0.232528,350000,60521.385710
295,2061,0.005806,-16,0.231703,350000,60722.159645
296,3241,0.005618,-15,0.230407,350000,61037.643389
297,2725,0.005776,-15,0.229317,350000,61304.346175
298,2815,0.005569,-15,0.228191,350000,61578.130264
299,2941,0.006036,-16,0.227014,350000,61864.701534
300,2204,0.005721,-19,0.226133,350000,62079.589980
301,3392,0.005732,-12,0.224776,350000,62410.410875
302,1699,0.005693,-20,0.224096,350000,62576.033208
303,2419,0.006141,-14,0.223129,350000,62812.199088
304,2151,0.006325,-17,0.222268,350000,63022.661974
305,3016,0.005961,-13,0.221062,350000,63316.320125
306,2572,0.005767,-13,0.220033,350000,63567.290212
307,2650,0.005950,-16,0.218973,350000,63825.380377
308,2542,0.005686,-17,0.217956,350000,64072.670186
309,2555,0.005502,-13,0.216934,350000,64320.994767
310,2748,0.005857,-18,0.215835,350000,64588.507228
311,2317,0.006032,-15,0.214908,350000,64815.578787
312,2598,0.005822,-15,0.213869,350000,65068.849801
313,2634,0.005616,-13,0.212816,350000,65325.703391
314,1793,0.005944,-20,0.212098,350000,65500.499871
315,2977,0.005849,-13,0.210908,350000,65790.605588
316,2569,0.005587,-13,0.209880,350000,66041.419100
317,2669,0.005749,-14,0.208812,350000,66301.535548
318,2131,0.005763,-15,0.207960,350000,66510.297674
319,2281,0.006044,-18,0.207048,350000,66732.901097
320,2521,0.005757,-14,0.206039,350000,66979.421593
321,2549,0.005614,-17,0.205020,350000,67228.094816
322,2064,0.005517,-19,0.204194,350000,67429.528897
323,2783,0.005853,-16,0.203081,350000,67700.798146
324,1983,0.006014,-21,0.202288,350000,67894.133210
325,2400,0.005706,-19,0.201328,350000,68128.365753
326,2637,0.005752,-18,0.200273,350000,68386.454331
327,2410,0.005978,-14,0.199309,350000,68621.806524
328,3136,0.006004,-15,0.198054,350000,68926.840251
329,2666,0.005948,-15,0.196988,350000,69186.782342
330,2891,0.005732,-16,0.195832,350000,69468.545826
331,2235,0.005753,-17,0.194938,350000,69686.581359
332,2981,0.005793,-17,0.193745,350000,69977.099234
333,2390,0.005736,-17,0.192789,350000,70211.463223
334,2730,0.005584,-15,0.191697,350000,70477.438426
335,2850,0.005876,-12,0.190557,350000,70755.419956
336,2833,0.005825,-17,0.189424,350000,71031.664915
337,3692,0.005883,-8,0.187947,350000,71391.740792
338,2931,0.005800,-15,0.186775,350000,71677.545856
339,2614,0.005634,-17,0.185729,350000,71933.226317
340,2621,0.005755,-17,0.184681,350000,72188.675152
341,3400,0.005835,-14,0.183321,350000,72520.179753
342,3041,0.005797,-14,0.182104,350000,72816.546326
343,2861,0.005486,-13,0.180960,350000,73095.029486
344,2854,0.005442,-15,0.179818,350000,73373.516885
345,2129,0.005563,-17,0.178967,350000,73582.264749
346,2789,0.005560,-16,0.177851,350000,73854.858314
347,2286,0.005354,-17,0.176937,350000,74077.522060
348,3004,0.005573,-17,0.175735,350000,74370.240842
349,3239,0.005545,-13,0.174440,350000,74685.722354
350,3192,0.005499,-14,0.173163,350000,74996.495591
351,2469,0.005487,-15,0.172175,350000,75237.344665
352,2740,0.005599,-15,0.171079,350000,75504.830072
353,3190,0.005710,-14,0.169803,350000,75815.806766
354,2729,0.005451,-15,0.168712,350000,76083.350108
355,2497,0.005665,-16,0.167713,350000,76327.031832
356,2089,0.005622,-20,0.166877,350000,76530.906947
357,3401,0.005641,-15,0.165517,350000,76862.557476
358,2665,0.005612,-17,0.164451,350000,77123.845318
359,2866,0.005624,-17,0.163304,350000,77404.549717
360,2150,0.005626,-19,0.162444,350000,77613.967265
361,2820,0.005630,-17,0.161316,350000,77889.533289
362,2491,0.005336,-18,0.160320,350000,78132.679079
363,2617,0.005501,-14,0.159273,350000,78387.583175
364,2733,0.005426,-19,0.158180,350000,78653.766255
365,2833,0.005567,-14,0.157047,350000,78929.884177
366,2478,0.005289,-17,0.156056,350000,79173.132970
367,2752,0.005562,-17,0.154955,350000,79442.359660
368,2751,0.005499,-15,0.153854,350000,79710.895613
369,2821,0.005314,-18,0.152726,350000,79986.825717
370,2529,0.005281,-16,0.151714,350000,80233.617534
371,3306,0.005468,-11,0.150392,350000,80557.206398
372,3317,0.005373,-11,0.149065,350000,80881.955953
373,2802,0.005086,-15,0.147944,350000,81155.311678
374,3655,0.005388,-11,0.146482,350000,81513.564556
375,3260,0.005248,-13,0.145178,350000,81832.279542
376,2674,0.005137,-17,0.144109,350000,82093.190756
377,3326,0.005429,-13,0.142778,350000,82417.172096
378,2741,0.005216,-17,0.141682,350000,82685.681295
379,3324,0.005158,-14,0.140352,350000,83010.104743
380,2330,0.005307,-18,0.139420,350000,83238.044029
381,2552,0.005093,-19,0.138400,350000,83486.709873
382,3134,0.005292,-13,0.137146,350000,83793.905730
383,2446,0.005127,-14,0.136168,350000,84032.758252
384,2491,0.005274,-18,0.135171,350000,84276.041286
385,3008,0.004917,-14,0.133968,350000,84570.933012
386,3385,0.005058,-12,0.132614,350000,84901.610543
387,3234,0.005051,-13,0.131320,350000,85217.515366
388,2826,0.005150,-15,0.130190,350000,85493.615359
389,2430,0.005242,-19,0.129218,350000,85731.046696
390,3199,0.004957,-13,0.127938,350000,86043.534077
391,2577,0.005193,-17,0.126908,350000,86296.475239
392,2467,0.005031,-16,0.125921,350000,86537.511453
393,3031,0.005119,-15,0.124708,350000,86832.806665
394,3209,0.005091,-14,0.123425,350000,87145.850425
395,2931,0.005087,-18,0.122252,350000,87431.934759
396,2578,0.004869,-14,0.121221,350000,87683.301607
397,2950,0.005046,-13,0.120041,350000,87970.784754
398,2724,0.005085,-19,0.118952,350000,88237.878083
399,2231,0.004970,-16,0.118059,350000,88456.013884
400,2532,0.004833,-15,0.117046,350000,88703.108769
401,3214,0.005172,-12,0.115761,350000,89016.077944
402,2508,0.004942,-17,0.114758,350000,89261.380094
403,2966,0.004618,-15,0.113571,350000,89550.764018
404,2858,0.004814,-16,0.112428,350000,89829.658466
405,3208,0.004929,-14,0.111145,350000,90143.927400
406,2905,0.004953,-14,0.109983,350000,90427.551991
407,2432,0.004942,-19,0.109010,350000,90665.008870
408,3444,0.004797,-12,0.107632,350000,91001.548403
409,3637,0.005023,-15,0.106178,350000,91357.665730
410,3845,0.004940,-13,0.104640,350000,91735.349127
411,3659,0.004948,-12,0.103176,350000,92093.605705
412,2716,0.004770,-18,0.102090,350000,92359.512220
413,2919,0.004739,-17,0.100922,350000,92645.209323
414,3278,0.004950,-13,0.100000,350000,92966.203791
415,3201,0.004916,-13,0.100000,350000,93280.210229
416,3746,0.004908,-11,0.100000,350000,93648.270137
417,4275,0.004906,-11,0.100000,350000,94065.928981
418,2563,0.004672,-19,0.100000,350000,94316.774818
419,2267,0.004692,-21,0.100000,350000,94539.163730
420,3174,0.004687,-13,0.100000,350000,94851.299209
421,3083,0.004760,-16,0.100000,350000,95154.827743
422,2716,0.004973,-17,0.100000,350000,95424.080868
423,2838,0.004895,-17,0.100000,350000,95703.152059
424,3359,0.005006,-13,0.100000,350000,96033.879150
425,2769,0.005094,-16,0.100000,350000,96306.953637
426,2885,0.004827,-14,0.100000,350000,96591.354498
427,3691,0.004864,-10,0.100000,350000,96954.819194
428,4099,0.004953,-8,0.100000,350000,97359.600607
429,2929,0.004898,-16,0.100000,350000,97647.978750
430,2683,0.004833,-17,0.100000,350000,97912.201427
431,2617,0.004896,-16,0.100000,350000,98169.843482
432,2795,0.005004,-15,0.100000,350000,98445.268086
433,4318,0.005132,-10,0.100000,350000,98871.261321
434,3543,0.004981,-13,0.100000,350000,99219.895566
435,2572,0.004793,-18,0.100000,350000,99473.308375
436,3581,0.004894,-13,0.100000,350000,99826.089218
437,2602,0.005118,-16,0.100000,350000,100082.452837
438,3400,0.004849,-11,0.100000,350000,100417.884858
439,3185,0.004947,-14,0.100000,350000,100732.453752
440,3892,0.005021,-12,0.100000,350000,101116.346698
441,3094,0.004795,-12,0.100000,350000,101421.767165
442,3089,0.004678,-16,0.100000,350000,101726.593336
443,3158,0.004921,-15,0.100000,350000,102038.305949
444,2832,0.004850,-17,0.100000,350000,102317.944285
445,2633,0.004917,-16,0.100000,350000,102578.603354
446,2508,0.004658,-18,0.100000,350000,102826.153511
447,3901,0.004852,-7,0.100000,350000,103211.228474
448,3106,0.004718,-16,0.100000,350000,103519.056220
449,3437,0.004880,-8,0.100000,350000,103858.494542
450,2650,0.004881,-18,0.100000,350000,104120.215182
451,3217,0.004641,-12,0.100000,350000,104440.018250
452,3269,0.004972,-15,0.100000,350000,104762.686778
453,2187,0.004844,-19,0.100000,350000,104978.473366
454,2512,0.004679,-16,0.100000,350000,105225.973846
455,3400,0.004797,-14,0.100000,350000,105560.562304
456,3002,0.004949,-15,0.100000,350000,105855.984579
457,4382,0.004712,-8,0.100000,350000,106288.210932
458,2706,0.004742,-16,0.100000,350000,106554.089932
459,3767,0.004998,-14,0.100000,350000,106923.570877
460,2753,0.004810,-19,0.100000,350000,107194.549441
461,3408,0.004722,-13,0.100000,350000,107529.876063
462,3477,0.004604,-15,0.100000,350000,107873.175890
463,2841,0.004438,-18,0.100000,350000,108152.950797
464,2422,0.004598,-15,0.100000,350000,108390.651239
465,4509,0.004709,-7,0.100000,350000,108834.634131
466,2537,0.004859,-18,0.100000,350000,109084.256466
467,2987,0.004858,-15,0.100000,350000,109378.055523
468,3883,0.004784,-9,0.100000,350000,109763.471838
469,3093,0.004632,-14,0.100000,350000,110067.355523
470,3109,0.004430,-14,0.100000,350000,110373.153432
471,2267,0.004565,-17,0.100000,350000,110596.153226
472,3183,0.004773,-14,0.100000,350000,110910.716857
473,2972,0.004726,-13,0.100000,350000,111204.076239
474,2545,0.004688,-16,0.100000,350000,111454.841988
475,3140,0.004711,-15,0.100000,350000,111764.819751
476,2846,0.004676,-14,0.100000,350000,112044.934997
477,3224,0.004694,-16,0.100000,350000,112361.573323
478,2739,0.004531,-15,0.100000,350000,112630.322078
479,3772,0.004684,-12,0.100000,350000,113001.219658
480,3465,0.004738,-12,0.100000,350000,113343.149099
481,3162,0.004725,-13,0.100000,350000,113654.750051
482,3501,0.004712,-12,0.100000,350000,113999.291918
483,2816,0.004832,-13,0.100000,350000,114277.308044
484,2285,0.004813,-19,0.100000,350000,114502.769403
485,2916,0.004886,-14,0.100000,350000,114791.729425
486,2946,0.004594,-13,0.100000,350000,115088.446963
487,2831,0.004722,-14,0.100000,350000,115369.156740
488,2466,0.004794,-16,0.100000,350000,115615.309884
489,3169,0.004915,-14,0.100000,350000,115927.715647
490,3623,0.004772,-12,0.100000,350000,116284.173926
491,2491,0.004686,-16,0.100000,350000,116529.861234
492,2825,0.004823,-13,0.100000,350000,116808.017800
493,2903,0.004600,-13,0.100000,350000,117095.141932
494,2380,0.004546,-18,0.100000,350000,117329.890129
495,3095,0.004826,-14,0.100000,350000,117635.687012
496,2923,0.004922,-15,0.100000,350000,117923.352036
497,2497,0.004836,-15,0.100000,350000,118169.102481
498,3015,0.004551,-13,0.100000,350000,118465.794801
499,2803,0.004788,-11,0.100000,350000,118743.411957
500,3165,0.004718,-11,0.100000,350000,119055.058318
501,2928,0.004793,-15,0.100000,350000,119343.342274
502,2565,0.004769,-17,0.100000,350000,119595.387560
503,2689,0.004711,-16,0.100000,350000,119860.292503
504,2466,0.004871,-17,0.100000,350000,120103.140869
505,3114,0.004702,-15,0.100000,350000,120409.737833
506,3331,0.004767,-15,0.100000,350000,120740.250824
507,2007,0.004647,-17,0.100000,350000,120937.977880
508,3278,0.004631,-11,0.100000,350000,121260.707599
509,2801,0.004729,-15,0.100000,350000,121536.453804
510,3129,0.004542,-15,0.100000,350000,121844.718126
511,3013,0.004604,-15,0.100000,350000,122141.554764
512,3133,0.004630,-14,0.100000,350000,122450.344989
513,3181,0.004843,-13,0.100000,350000,122764.805170
514,2120,0.004664,-17,0.100000,350000,122973.481953
515,2703,0.004692,-17,0.100000,350000,123240.816527
516,3603,0.004854,-8,0.100000,350000,123595.423400
517,3299,0.004701,-16,0.100000,350000,123920.124248
518,3946,0.004730,-11,0.100000,350000,124310.407497
519,3148,0.004713,-13,0.100000,350000,124620.696286
520,4336,0.004636,-8,0.100000,350000,125046.681654
521,2861,0.004698,-18,0.100000,350000,125327.686335
522,3473,0.004718,-12,0.100000,350000,125668.170153
523,2716,0.004660,-16,0.100000,350000,125935.015376
524,2712,0.004666,-15,0.100000,350000,126199.971461
525,3246,0.004705,-13,0.100000,350000,126516.949416
526,2446,0.004669,-17,0.100000,350000,126755.592872
527,3655,0.004650,-8,0.100000,350000,127112.236332
528,2226,0.004641,-18,0.100000,350000,127329.332359
529,2461,0.004763,-17,0.100000,350000,127568.891877
530,2726,0.004621,-15,0.100000,350000,127835.201004
531,3185,0.004742,-14,0.100000,350000,128144.092686
532,2900,0.004636,-14,0.100000,350000,128425.041148
533,2887,0.004780,-15,0.100000,350000,128705.129983
534,2489,0.004579,-15,0.100000,350000,128947.887712
535,3667,0.004553,-9,0.100000,350000,129302.037182
536,2561,0.004541,-15,0.100000,350000,129550.415065
537,2748,0.004411,-16,0.100000,350000,129816.361595
538,3224,0.004341,-16,0.100000,350000,130126.424227
539,2598,0.004565,-15,0.100000,350000,130376.759629
540,2888,0.004548,-15,0.100000,350000,130654.694372
541,2604,0.004430,-18,0.100000,350000,130905.378779
542,3110,0.004235,-13,0.100000,350000,131207.523691
543,4011,0.004662,-6,0.100000,350000,131599.502926
544,2944,0.004245,-16,0.100000,350000,131886.159588
545,3242,0.004506,-15,0.100000,350000,132201.776329
546,2578,0.004653,-12,0.100000,350000,132452.458942
547,2919,0.004499,-17,0.100000,350000,132735.623894
548,3887,0.004652,-14,0.100000,350000,133113.017367
549,2423,0.004654,-18,0.100000,350000,133347.300399
550,2454,0.004507,-17,0.100000,350000,133584.196406
551,3139,0.004544,-10,0.100000,350000,133887.004355
552,2285,0.004484,-17,0.100000,350000,134107.186148
553,2399,0.004611,-18,0.100000,350000,134340.401121
554,2098,0.004708,-16,0.100000,350000,134545.168288
555,2690,0.004556,-17,0.100000,350000,134807.764712
556,3091,0.004486,-16,0.100000,350000,135110.311078
557,3128,0.004890,-17,0.100000,350000,135415.533129
558,2844,0.004966,-16,0.100000,350000,135693.159400
559,2458,0.004785,-17,0.100000,350000,135932.037666
560,3078,0.004673,-13,0.100000,350000,136230.612241
561,2805,0.004949,-12,0.100000,350000,136501.633098
562,2873,0.004711,-14,0.100000,350000,136780.794196
563,2447,0.004644,-16,0.100000,350000,137017.047823
564,2409,0.004871,-18,0.100000,350000,137249.549195
565,3004,0.004765,-14,0.100000,350000,137540.293795
566,3661,0.004853,-12,0.100000,350000,137897.850573
567,3512,0.004768,-10,0.100000,350000,138240.244197
568,2950,0.004616,-13,0.100000,350000,138528.981319
569,3785,0.004664,-14,0.100000,350000,138898.901606
570,2365,0.004543,-16,0.100000,350000,139130.929899
571,2765,0.004558,-15,0.100000,350000,139399.810546
572,2426,0.004581,-17,0.100000,350000,139634.312220
573,2462,0.004411,-14,0.100000,350000,139872.025980
574,3045,0.004360,-15,0.100000,350000,140165.857329
575,2494,0.004539,-18,0.100000,350000,140409.838163
576,2277,0.004389,-18,0.100000,350000,140629.367688
577,3490,0.004549,-11,0.100000,350000,140970.283504
578,2803,0.004622,-18,0.100000,350000,141242.927371
579,2703,0.004420,-18,0.100000,350000,141506.032439
580,2237,0.004551,-17,0.100000,350000,141726.888497
581,3171,0.004679,-14,0.100000,350000,142035.111655
582,3180,0.004676,-11,0.100000,350000,142345.158739
583,3346,0.004683,-10,0.100000,350000,142669.665273
584,3211,0.004582,-12,0.100000,350000,142983.425083
585,3035,0.004640,-15,0.100000,350000,143276.718630
586,2558,0.004545,-18,0.100000,350000,143526.502279
587,2111,0.004541,-17,0.100000,350000,143732.143166
588,3277,0.004660,-13,0.100000,350000,144054.467297
589,2862,0.004388,-16,0.100000,350000,144333.203208
590,2659,0.004612,-14,0.100000,350000,144593.036339
591,3620,0.004575,-11,0.100000,350000,144945.502931
592,2911,0.004748,-13,0.100000,350000,145234.663538
593,2370,0.004621,-16,0.100000,350000,145466.900675
594,2786,0.004899,-17,0.100000,350000,145739.254418
595,2472,0.004725,-17,0.100000,350000,145981.077308
596,2860,0.004667,-16,0.100000,350000,146258.885657
597,2894,0.004751,-14,0.100000,350000,146538.580469
598,3415,0.004623,-13,0.100000,350000,146869.220575
599,3635,0.004773,-12,0.100000,350000,147221.012283
600,3201,0.004744,-14,0.100000,350000,147531.370984
601,2663,0.004797,-16,0.100000,350000,147793.437264
602,2838,0.004857,-12,0.100000,350000,148069.836737
603,2070,0.004776,-17,0.100000,350000,148274.111758
604,2636,0.004658,-16,0.100000,350000,148534.270282
605,3395,0.004638,-14,0.100000,350000,148865.602882
606,3066,0.004697,-16,0.100000,350000,149165.295425
607,2839,0.004821,-16,0.100000,350000,149446.274257
608,2837,0.004559,-16,0.100000,350000,149723.586153
609,2689,0.004754,-16,0.100000,350000,149983.546176
610,2927,0.004707,-13,0.100000,350000,150269.618158
611,3070,0.004732,-12,0.100000,350000,150567.599320
612,2864,0.004606,-17,0.100000,350000,150849.096566
613,3697,0.004785,-12,0.100000,350000,151211.063435
614,2895,0.004576,-16,0.100000,350000,151497.726987
615,3282,0.004722,-10,0.100000,350000,151822.593648
616,3225,0.004869,-13,0.100000,350000,152136.645580
617,3261,0.004801,-14,0.100000,350000,152454.393599
618,3074,0.004823,-13,0.100000,350000,152753.927680
619,2414,0.004779,-18,0.100000,350000,152991.740316
620,3420,0.004699,-12,0.100000,350000,153324.099762
621,2814,0.004839,-16,0.100000,350000,153596.616257
622,3287,0.004739,-13,0.100000,350000,153916.257146
623,3105,0.004676,-14,0.100000,350000,154222.693941
624,2877,0.004647,-14,0.100000,350000,154502.976141
625,3467,0.004833,-13,0.100000,350000,154844.087340
626,4082,0.004598,-11,0.100000,350000,155241.798259
627,2880,0.004364,-14,0.100000,350000,155524.846214
628,2903,0.004752,-13,0.100000,350000,155811.571353
629,3389,0.004664,-11,0.100000,350000,156142.297066
630,3645,0.004664,-11,0.100000,350000,156499.653757
631,3282,0.004588,-13,0.100000,350000,156819.007032
632,3020,0.004553,-13,0.100000,350000,157111.525157
633,3078,0.004457,-17,0.100000,350000,157412.899188
634,2753,0.004703,-16,0.100000,350000,157681.518620
635,2432,0.004448,-18,0.100000,350000,157923.926282
636,2218,0.004509,-17,0.100000,350000,158141.369740
637,3617,0.004464,-8,0.100000,350000,158496.439002
638,3612,0.004682,-13,0.100000,350000,158847.427724
639,2772,0.004781,-15,0.100000,350000,159117.995781
640,3652,0.004701,-10,0.100000,350000,159473.520834
641,2679,0.004960,-14,0.100000,350000,159734.136800
642,3665,0.004770,-13,0.100000,350000,160091.763221
643,3334,0.004604,-11,0.100000,350000,160413.774324
644,3130,0.004856,-15,0.100000,350000,160718.956698
645,3186,0.004682,-12,0.100000,350000,161029.291874
646,3224,0.004448,-9,0.100000,350000,161344.758705
647,3484,0.004630,-13,0.100000,350000,161685.889566
648,2461,0.004741,-16,0.100000,350000,161926.475183
649,3259,0.004640,-10,0.100000,350000,162244.791483
650,2907,0.004648,-13,0.100000,350000,162532.456715
651,2687,0.004742,-14,0.100000,350000,162793.534250
652,2847,0.004724,-15,0.100000,350000,163068.681227
653,2773,0.004603,-15,0.100000,350000,163337.079018
654,2586,0.004600,-17,0.100000,350000,163586.078886
655,3537,0.004546,-10,0.100000,350000,163928.303622
656,3181,0.004511,-12,0.100000,350000,164236.993194
657,3728,0.004459,-12,0.100000,350000,164600.414807
658,3120,0.004450,-13,0.100000,350000,164904.255733
659,3333,0.004501,-15,0.100000,350000,165228.468108
660,3151,0.004471,-13,0.100000,350000,165539.650442
661,2938,0.004506,-14,0.100000,350000,165825.524080
662,2933,0.004527,-14,0.100000,350000,166111.303555
663,2907,0.004591,-14,0.100000,350000,166398.482910
664,2621,0.004580,-17,0.100000,350000,166651.626710
665,2679,0.004376,-15,0.100000,350000,166911.235816
666,2899,0.004429,-14,0.100000,350000,167190.989844
667,3932,0.004498,-9,0.100000,350000,167575.413936
668,3339,0.004527,-11,0.100000,350000,167900.449718
669,3026,0.004553,-14,0.100000,350000,168194.479587
670,2526,0.004522,-14,0.100000,350000,168440.902965
671,2386,0.004677,-19,0.100000,350000,168676.392166
672,3703,0.004419,-11,0.100000,350000,169035.378585
673,2339,0.004448,-18,0.100000,350000,169267.287200
674,3645,0.004624,-11,0.100000,350000,169621.120038
675,2818,0.004423,-13,0.100000,350000,169893.182502
676,2330,0.004459,-16,0.100000,350000,170119.688590
677,3841,0.004768,-9,0.100000,350000,170491.666577
678,2275,0.004574,-16,0.100000,350000,170714.281683
679,4108,0.004583,-8,0.100000,350000,171116.725044
680,2521,0.004689,-17,0.100000,350000,171362.197441
681,2548,0.004684,-15,0.100000,350000,171611.563405
682,3507,0.004531,-13,0.100000,350000,171955.307705
683,3133,0.004633,-13,0.100000,350000,172259.334199
684,3391,0.004544,-11,0.100000,350000,172589.770986
685,2387,0.004583,-18,0.100000,350000,172823.042187
686,3763,0.004442,-9,0.100000,350000,173188.753520
687,3064,0.004557,-12,0.100000,350000,173484.732405
688,3499,0.004414,-11,0.100000,350000,173821.901215
689,3572,0.004381,-12,0.100000,350000,174167.822503
690,2488,0.004366,-16,0.100000,350000,174409.726544
691,2458,0.004437,-17,0.100000,350000,174650.155283
692,4097,0.004419,-7,0.100000,350000,175048.101501
693,2816,0.004462,-18,0.100000,350000,175321.378822
694,3137,0.004377,-12,0.100000,350000,175625.341377
695,3266,0.004334,-12,0.100000,350000,175941.372151
696,3440,0.004430,-10,0.100000,350000,176274.804071
697,3251,0.004293,-13,0.100000,350000,176587.925316
698,3140,0.004368,-13,0.100000,350000,176890.271787
699,3165,0.004292,-13,0.100000,350000,177195.236225
700,2466,0.004205,-17,0.100000,350000,177434.330604
701,2852,0.004289,-14,0.100000,350000,177712.221584
702,2583,0.004072,-17,0.100000,350000,177964.107716
703,4006,0.004345,-7,0.100000,350000,178355.239705
704,3172,0.004345,-13,0.100000,350000,178663.875600
705,2607,0.004145,-17,0.100000,350000,178917.424253
706,3315,0.004217,-14,0.100000,350000,179240.377375
707,3200,0.004126,-15,0.100000,350000,179551.050481
708,3061,0.004203,-13,0.100000,350000,179847.471727
709,3276,0.004311,-15,0.100000,350000,180166.842761
710,3449,0.004119,-14,0.100000,350000,180500.402424
711,4180,0.004144,-11,0.100000,350000,180908.177044
712,3082,0.004341,-13,0.100000,350000,181208.615467
713,3465,0.004237,-12,0.100000,350000,181548.699132
714,4948,0.004259,-3,0.100000,350000,182035.049967
715,2780,0.004434,-18,0.100000,350000,182310.117256
716,3122,0.004361,-15,0.100000,350000,182618.775398
717,2958,0.004310,-16,0.100000,350000,182907.824336
718,4059,0.004532,-12,0.100000,350000,183300.700723
719,3527,0.004514,-12,0.100000,350000,183645.436416
720,2675,0.004391,-14,0.100000,350000,183912.342127
721,3917,0.004417,-12,0.100000,350000,184296.399317
722,3537,0.004384,-10,0.100000,350000,184642.993448
723,2799,0.004424,-15,0.100000,350000,184922.554106
724,2957,0.004461,-14,0.100000,350000,185218.554114
725,2898,0.004393,-13,0.100000,350000,185506.760121
726,2562,0.004291,-16,0.100000,350000,185759.366346
727,3926,0.004496,-10,0.100000,350000,186143.410580
728,3109,0.004210,-12,0.100000,350000,186448.155605
729,2642,0.004308,-16,0.100000,350000,186708.843374
730,3156,0.004505,-13,0.100000,350000,187013.894775
731,3600,0.004235,-10,0.100000,350000,187365.191462
732,3702,0.004017,-11,0.100000,350000,187726.548986
733,3892,0.004448,-9,0.100000,350000,188108.522751
734,3112,0.004274,-16,0.100000,350000,188415.556895
735,2902,0.004270,-16,0.100000,350000,188699.055350
736,2626,0.004195,-19,0.100000,350000,188955.666744
737,4614,0.004244,-4,0.100000,350000,189405.154161
738,2865,0.004214,-15,0.100000,350000,189687.012372
739,2644,0.004432,-15,0.100000,350000,189946.994244
740,3190,0.004338,-14,0.100000,350000,190257.682561
741,3728,0.004270,-11,0.100000,350000,190620.424673
742,2807,0.004249,-16,0.100000,350000,190897.818131
743,2862,0.004300,-17,0.100000,350000,191178.303476
744,3212,0.004246,-9,0.100000,350000,191494.281725
745,2601,0.004156,-16,0.100000,350000,191749.791715
746,2945,0.004304,-13,0.100000,350000,192038.544620
747,3306,0.004226,-12,0.100000,350000,192363.273174
748,2572,0.004185,-18,0.100000,350000,192615.565522
749,3898,0.004445,-11,0.100000,350000,192992.534992
750,2974,0.004434,-15,0.100000,350000,193284.816484
751,4141,0.004373,-10,0.100000,350000,193686.550118
752,3446,0.004207,-11,0.100000,350000,194020.508520
753,2573,0.004484,-16,0.100000,350000,194272.918992
754,2868,0.004298,-12,0.100000,350000,194552.470391
755,2481,0.004342,-15,0.100000,350000,194797.428734
756,3371,0.004515,-14,0.100000,350000,195127.323527
757,3327,0.004238,-13,0.100000,350000,195454.268655
758,2725,0.004317,-15,0.100000,350000,195718.696166
759,3365,0.004297,-11,0.100000,350000,196048.226799
760,3045,0.004093,-18,0.100000,350000,196345.846635
761,3210,0.004189,-16,0.100000,350000,196659.609139
762,3344,0.004511,-15,0.100000,350000,196987.387815
763,2632,0.004127,-17,0.100000,350000,197244.855930
764,3753,0.004171,-11,0.100000,350000,197614.260371
765,3176,0.004184,-11,0.100000,350000,197927.511818
766,2828,0.004092,-14,0.100000,350000,198206.345277
767,2833,0.004366,-15,0.100000,350000,198485.240419
768,3636,0.004222,-10,0.100000,350000,198839.134065
769,2436,0.004074,-14,0.100000,350000,199079.573116
770,2954,0.004076,-14,0.100000,350000,199367.370022
771,3118,0.004367,-11,0.100000,350000,199672.744261
772,2424,0.004306,-15,0.100000,350000,199907.563198
773,3009,0.004127,-11,0.100000,350000,200199.974699
774,2377,0.004309,-16,0.100000,350000,200431.967924
775,3629,0.004326,-9,0.100000,350000,200784.611854
776,2419,0.004002,-17,0.100000,350000,201021.253473
777,3633,0.004283,-13,0.100000,350000,201379.557665
778,3264,0.004326,-12,0.100000,350000,201701.038187
779,2357,0.004290,-17,0.100000,350000,201933.175800
780,2704,0.004261,-16,0.100000,350000,202198.925059
781,2659,0.004345,-15,0.100000,350000,202459.046091
782,2808,0.004386,-14,0.100000,350000,202732.095267
783,2556,0.004497,-15,0.100000,350000,202983.512514
784,2770,0.004302,-15,0.100000,350000,203252.631180
785,2353,0.004365,-15,0.100000,350000,203481.758151
786,3735,0.004371,-9,0.100000,350000,203843.570018
787,2309,0.004386,-17,0.100000,350000,204069.022158
788,2703,0.004380,-15,0.100000,350000,204333.831842
789,3065,0.004436,-15,0.100000,350000,204633.123663
790,3072,0.004423,-16,0.100000,350000,204932.585083
791,3291,0.004473,-11,0.100000,350000,205254.134023
792,3052,0.004367,-13,0.100000,350000,205551.174756
793,2710,0.004394,-16,0.100000,350000,205814.802869
794,3107,0.004371,-10,0.100000,350000,206116.662713
795,2422,0.004182,-17,0.100000,350000,206351.274964
796,4191,0.004641,-4,0.100000,350000,206756.614638
797,3579,0.004320,-11,0.100000,350000,207103.339354
798,3199,0.004512,-12,0.100000,350000,207413.260220
799,2665,0.004537,-15,0.100000,350000,207672.513895
800,2632,0.004356,-14,0.100000,350000,207928.636557
801,3803,0.004313,-10,0.100000,350000,208298.167370
802,3972,0.004311,-9,0.100000,350000,208685.441746
803,3041,0.004119,-13,0.100000,350000,208980.287378
804,3264,0.004298,-13,0.100000,350000,209297.384041
805,3481,0.004498,-14,0.100000,350000,209633.925380
806,4513,0.004337,-5,0.100000,350000,210069.423981
807,3627,0.004380,-11,0.100000,350000,210420.245404
808,2833,0.004503,-14,0.100000,350000,210699.357748
809,2797,0.004507,-15,0.100000,350000,210972.813043
810,3477,0.004476,-9,0.100000,350000,211312.488601
811,3809,0.004608,-9,0.100000,350000,211684.006714
812,2419,0.004214,-16,0.100000,350000,211919.832209
813,3381,0.004399,-12,0.100000,350000,212250.228626
814,2695,0.004463,-16,0.100000,350000,212513.113634
815,3382,0.004440,-8,0.100000,350000,212840.928615
816,3350,0.004411,-13,0.100000,350000,213166.814626
817,4086,0.004327,-11,0.100000,350000,213561.842432
818,2574,0.004149,-17,0.100000,350000,213810.550383
819,2852,0.004227,-15,0.100000,350000,214088.948969
820,3195,0.004433,-13,0.100000,350000,214400.488146
821,3297,0.004204,-13,0.100000,350000,214721.895948
822,2925,0.004215,-13,0.100000,350000,215006.826239
823,3071,0.004471,-15,0.100000,350000,215305.661970
824,2460,0.004422,-16,0.100000,350000,215544.750482
825,2833,0.004254,-13,0.100000,350000,215820.034994
826,3956,0.004209,-8,0.100000,350000,216205.576612
827,2960,0.004442,-14,0.100000,350000,216491.583765
828,2371,0.004504,-19,0.100000,350000,216720.755834
829,2770,0.004248,-14,0.100000,350000,216988.328129
830,2841,0.004567,-13,0.100000,350000,217264.892612
831,2875,0.004376,-14,0.100000,350000,217545.852639
832,2746,0.004461,-13,0.100000,350000,217815.791771
833,2934,0.004347,-14,0.100000,350000,218103.663523
834,2762,0.004496,-12,0.100000,350000,218373.845242
835,3651,0.004342,-9,0.100000,350000,218730.375611
836,2567,0.004071,-17,0.100000,350000,218980.898239
837,2986,0.004449,-15,0.100000,350000,219271.648101
838,3822,0.004263,-11,0.100000,350000,219644.399273
839,3101,0.004085,-14,0.100000,350000,219945.608366
840,2651,0.004304,-15,0.100000,350000,220203.178371
841,2836,0.004434,-17,0.100000,350000,220478.147715
842,3406,0.004236,-11,0.100000,350000,220809.037857
843,3649,0.004328,-9,0.100000,350000,221164.236867
844,3857,0.004434,-9,0.100000,350000,221540.994535
845,3481,0.004228,-12,0.100000,350000,221879.256590
846,3682,0.004393,-9,0.100000,350000,222238.303249
847,3351,0.004242,-11,0.100000,350000,222564.253548
848,3240,0.004375,-12,0.100000,350000,222877.582084
849,3274,0.004670,-13,0.100000,350000,223194.742664
850,2988,0.004312,-17,0.100000,350000,223484.988891
851,3125,0.004202,-10,0.100000,350000,223787.919343
852,2379,0.004446,-17,0.100000,350000,224020.294295
853,2523,0.004161,-17,0.100000,350000,224267.331581
854,3988,0.004340,-12,0.100000,350000,224656.732607
855,2744,0.004166,-16,0.100000,350000,224926.506608
856,2665,0.004240,-14,0.100000,350000,225186.351949
857,3614,0.004174,-10,0.100000,350000,225538.196583
858,3344,0.004181,-12,0.100000,350000,225863.948059
859,3461,0.004228,-11,0.100000,350000,226199.577836
860,2456,0.004019,-18,0.100000,350000,226439.567303
861,2800,0.003851,-17,0.100000,350000,226712.298853
862,2717,0.004078,-15,0.100000,350000,226975.433524
863,3811,0.003951,-11,0.100000,350000,227347.056239
864,2451,0.003969,-17,0.100000,350000,227587.540071
865,2741,0.004096,-14,0.100000,350000,227856.106818
866,2364,0.004065,-17,0.100000,350000,228087.439024
867,2913,0.004172,-14,0.100000,350000,228372.202208
868,2835,0.003974,-15,0.100000,350000,228650.234858
869,2699,0.004099,-15,0.100000,350000,228913.427691
870,3202,0.004243,-13,0.100000,350000,229224.887227
871,3621,0.004099,-10,0.100000,350000,229576.769213
872,2708,0.004311,-14,0.100000,350000,229839.036493
873,2676,0.004314,-13,0.100000,350000,230097.691326
874,2393,0.004150,-17,0.100000,350000,230330.001922
875,3584,0.004219,-9,0.100000,350000,230679.819768
876,2945,0.004408,-12,0.100000,350000,230967.679775
877,2459,0.004197,-15,0.100000,350000,231208.037743
878,3921,0.004245,-5,0.100000,350000,231590.864971
879,3906,0.004261,-7,0.100000,350000,231971.297859
880,3587,0.004348,-10,0.100000,350000,232321.584595
881,2751,0.004433,-14,0.100000,350000,232589.247918
882,3721,0.004323,-10,0.100000,350000,232949.565608
883,3443,0.004283,-12,0.100000,350000,233283.376707
884,3152,0.004310,-13,0.100000,350000,233588.167622
885,3470,0.004330,-11,0.100000,350000,233927.478784
886,3378,0.004146,-12,0.100000,350000,234258.047605
887,2618,0.004248,-19,0.100000,350000,234514.544643
888,2135,0.004451,-20,0.100000,350000,234723.571765
889,3689,0.004236,-8,0.100000,350000,235084.005100
890,3704,0.004114,-15,0.100000,350000,235445.392597
891,2668,0.004334,-16,0.100000,350000,235706.634070
892,3371,0.004135,-12,0.100000,350000,236035.882414
893,3978,0.004247,-7,0.100000,350000,236422.757361
894,2668,0.004182,-17,0.100000,350000,236682.556237
895,2529,0.004221,-15,0.100000,350000,236927.509816
896,2834,0.004244,-15,0.100000,350000,237204.439147
897,2758,0.004274,-14,0.100000,350000,237475.406460
898,2993,0.004201,-14,0.100000,350000,237769.169096
899,2649,0.003969,-16,0.100000,350000,238028.852457
900,3173,0.004094,-14,0.100000,350000,238338.095896
901,3681,0.004130,-10,0.100000,350000,238697.681970
902,3170,0.004069,-12,0.100000,350000,239006.632758
903,2521,0.004111,-17,0.100000,350000,239252.262036
904,3112,0.004032,-9,0.100000,350000,239558.602004
905,2477,0.004178,-16,0.100000,350000,239799.788325
906,3072,0.004107,-13,0.100000,350000,240096.486376
907,2323,0.004095,-18,0.100000,350000,240321.922572
908,2712,0.004173,-14,0.100000,350000,240585.664003
909,3393,0.004090,-12,0.100000,350000,240915.791193
910,2900,0.004115,-18,0.100000,350000,241200.727760
911,2823,0.004241,-15,0.100000,350000,241476.006729
912,3187,0.004133,-11,0.100000,350000,241786.056544
913,2607,0.004067,-16,0.100000,350000,242039.608742
914,3424,0.004081,-12,0.100000,350000,242373.142536
915,3095,0.004225,-14,0.100000,350000,242673.252162
916,3691,0.004079,-10,0.100000,350000,243031.734953
917,3695,0.004153,-10,0.100000,350000,243389.290541
918,2553,0.004249,-15,0.100000,350000,243635.999259
919,3143,0.004148,-12,0.100000,350000,243944.051529
920,3520,0.004203,-11,0.100000,350000,244290.032056
921,3541,0.004202,-10,0.100000,350000,244637.110498
922,2829,0.004141,-15,0.100000,350000,244915.276640
923,3530,0.004225,-6,0.100000,350000,245260.598875
924,2553,0.004336,-16,0.100000,350000,245510.374532
925,2732,0.004151,-14,0.100000,350000,245777.323269
926,3147,0.004191,-15,0.100000,350000,246082.576186
927,2820,0.004217,-14,0.100000,350000,246356.412757
928,3080,0.004697,-14,0.100000,350000,246655.640918
929,2433,0.004443,-15,0.100000,350000,246890.776772
930,3319,0.004273,-10,0.100000,350000,247215.110399
931,3275,0.004256,-12,0.100000,350000,247536.462092
932,3170,0.004283,-13,0.100000,350000,247848.058301
933,2665,0.004204,-14,0.100000,350000,248110.057225
934,2514,0.004163,-13,0.100000,350000,248358.202791
935,2332,0.004493,-17,0.100000,350000,248586.429800
936,2450,0.004269,-16,0.100000,350000,248826.118207
937,2571,0.004153,-17,0.100000,350000,249077.544063
938,2875,0.004343,-13,0.100000,350000,249357.790799
939,2898,0.004335,-15,0.100000,350000,249639.503323
940,3339,0.004273,-9,0.100000,350000,249962.607416
941,3922,0.004130,-8,0.100000,350000,250344.969726
942,2417,0.004331,-16,0.100000,350000,250582.192054
943,2500,0.004066,-15,0.100000,350000,250827.777546
944,2257,0.004004,-20,0.100000,350000,251049.651493
945,2358,0.004212,-16,0.100000,350000,251280.941572
946,3196,0.004183,-16,0.100000,350000,251594.825618
947,3160,0.004118,-14,0.100000,350000,251904.367590
948,3000,0.004153,-15,0.100000,350000,252196.790251
949,2772,0.004406,-13,0.100000,350000,252466.245606
950,3623,0.004222,-9,0.100000,350000,252817.711116
951,4230,0.004290,-4,0.100000,350000,253226.816176
952,4016,0.004312,-10,0.100000,350000,253614.957793
953,2783,0.004358,-16,0.100000,350000,253887.553005
954,2630,0.004211,-16,0.100000,350000,254144.740317
955,2529,0.004335,-17,0.100000,350000,254392.555791
956,2693,0.004111,-16,0.100000,350000,254655.574579
957,2930,0.004157,-15,0.100000,350000,254941.970071
958,2765,0.004300,-14,0.100000,350000,255211.395432
959,2739,0.004201,-16,0.100000,350000,255479.206016
960,3115,0.004214,-16,0.100000,350000,255783.049827
961,3059,0.004467,-16,0.100000,350000,256079.899234
962,2339,0.004656,-18,0.100000,350000,256307.412177
963,3480,0.004398,-13,0.100000,350000,256643.758735
964,3001,0.004270,-15,0.100000,350000,256935.388704
965,3232,0.004437,-12,0.100000,350000,257252.712176
966,2824,0.004468,-14,0.100000,350000,257529.051639
967,3089,0.004380,-12,0.100000,350000,257831.107947
968,2210,0.004353,-18,0.100000,350000,258047.103636
969,2914,0.004512,-16,0.100000,350000,258331.349884
970,2777,0.004426,-16,0.100000,350000,258602.257407
971,3648,0.004281,-10,0.100000,350000,258957.590224
972,2838,0.004413,-15,0.100000,350000,259234.707472
973,1978,0.004278,-19,0.100000,350000,259426.417128
974,2810,0.004364,-14,0.100000,350000,259698.083615
975,2449,0.004203,-18,0.100000,350000,259934.629694
976,2412,0.004553,-15,0.100000,350000,260167.636431
977,3103,0.004475,-17,0.100000,350000,260468.183316
978,3359,0.004391,-13,0.100000,350000,260794.690071
979,3419,0.004409,-12,0.100000,350000,261127.869612
980,3034,0.004264,-15,0.100000,350000,261422.238775
981,3020,0.004265,-19,0.100000,350000,261715.203928
982,2629,0.004386,-14,0.100000,350000,261969.869004
983,2781,0.004291,-15,0.100000,350000,262239.236303
984,3045,0.004240,-11,0.100000,350000,262533.926971
985,2833,0.004445,-17,0.100000,350000,262808.827779
986,4192,0.004530,-3,0.100000,350000,263214.110744
987,3037,0.004429,-18,0.100000,350000,263508.141282
988,3041,0.004292,-13,0.100000,350000,263804.031270
989,2445,0.004409,-17,0.100000,350000,264043.537793
990,2465,0.004427,-19,0.100000,350000,264284.549478
991,3495,0.004465,-8,0.100000,350000,264628.022746
992,1924,0.004267,-18,0.100000,350000,264816.292080
993,2363,0.004397,-18,0.100000,350000,265048.046765
994,2576,0.004431,-15,0.100000,350000,265299.682734
995,2939,0.004335,-16,0.100000,350000,265586.116157
996,3411,0.004579,-11,0.100000,350000,265916.925126
997,3361,0.004513,-13,0.100000,350000,266243.156581
998,3453,0.004438,-13,0.100000,350000,266578.053702
999,3600,0.004469,-10,0.100000,350000,266925.249832
1000,3668,0.004377,-16,0.100000,350000,267280.883508
1001,2802,0.004294,-14,0.100000,350000,267552.552807
1002,2806,0.004452,-15,0.100000,350000,267824.716949
1003,3279,0.004567,-12,0.100000,350000,268143.673036
1004,2648,0.004476,-14,0.100000,350000,268399.820070
1005,2352,0.004537,-16,0.100000,350000,268628.524423
1006,3088,0.004551,-14,0.100000,350000,268926.923075
1007,1987,0.004519,-17,0.100000,350000,269119.194406
1008,2155,0.004541,-17,0.100000,350000,269327.254902
1009,3531,0.004423,-9,0.100000,350000,269667.569494
1010,3277,0.004393,-15,0.100000,350000,269984.873041
1011,3043,0.004431,-12,0.100000,350000,270280.261946
1012,3326,0.004291,-10,0.100000,350000,270602.538909
1013,2225,0.004785,-15,0.100000,350000,270818.382833
1014,2409,0.004460,-17,0.100000,350000,271053.239093
1015,3852,0.004423,-7,0.100000,350000,271428.187917
1016,2912,0.004487,-15,0.100000,350000,271712.866057
1017,3778,0.004359,-8,0.100000,350000,272079.853594
1018,3182,0.004529,-11,0.100000,350000,272388.468436
1019,2868,0.004623,-15,0.100000,350000,272666.391198
1020,3465,0.004484,-13,0.100000,350000,273001.709947
1021,3074,0.004452,-14,0.100000,350000,273298.654659
1022,2505,0.004376,-19,0.100000,350000,273542.303011
1023,2940,0.004649,-16,0.100000,350000,273829.581608
1024,3582,0.004505,-7,0.100000,350000,274178.156149
1025,3998,0.004556,-7,0.100000,350000,274566.815136
1026,3009,0.004540,-18,0.100000,350000,274859.509630
1027,2881,0.004542,-16,0.100000,350000,275139.466858
1028,2820,0.004445,-16,0.100000,350000,275413.894371
1029,2946,0.004677,-15,0.100000,350000,275698.915859
1030,3415,0.004556,-13,0.100000,350000,276028.984652
1031,3281,0.004576,-14,0.100000,350000,276345.478982
1032,4257,0.004559,-9,0.100000,350000,276756.747694
1033,2071,0.004273,-19,0.100000,350000,276958.548912
1034,4654,0.004542,-4,0.100000,350000,277413.180403
1035,3414,0.004440,-12,0.100000,350000,277745.909429
1036,2839,0.004285,-16,0.100000,350000,278022.229115
1037,2397,0.004293,-19,0.100000,350000,278255.514900
1038,3252,0.004464,-14,0.100000,350000,278570.844780
1039,3973,0.004264,-11,0.100000,350000,278956.959753
1040,2148,0.004206,-19,0.100000,350000,279164.931838
1041,4015,0.004469,-14,0.100000,350000,279553.004730
1042,3224,0.004198,-12,0.100000,350000,279863.733553
1043,3203,0.004182,-11,0.100000,350000,280172.896552
1044,2869,0.004062,-13,0.100000,350000,280451.708804
1045,3284,0.004374,-12,0.100000,350000,280771.936690
1046,2719,0.004206,-15,0.100000,350000,281036.076663
1047,2700,0.004065,-16,0.100000,350000,281298.268775
1048,3033,0.004309,-14,0.100000,350000,281592.544520
1049,3782,0.004453,-9,0.100000,350000,281958.862229
1050,2563,0.004226,-17,0.100000,350000,282207.265186
1051,2942,0.004402,-14,0.100000,350000,282492.780507
1052,3080,0.004279,-12,0.100000,350000,282791.625337
1053,2845,0.004249,-16,0.100000,350000,283065.701599
1054,3037,0.004433,-12,0.100000,350000,283358.770662
1055,3403,0.004436,-13,0.100000,350000,283690.047839
1056,3101,0.004386,-14,0.100000,350000,283992.745078
1057,2546,0.004289,-17,0.100000,350000,284241.253237
1058,3023,0.004531,-13,0.100000,350000,284536.874873
1059,3340,0.004237,-8,0.100000,350000,284861.757102
1060,2914,0.004068,-12,0.100000,350000,285145.476812
1061,2475,0.004472,-18,0.100000,350000,285385.740307
1062,2989,0.004281,-15,0.100000,350000,285677.285579
1063,3817,0.004082,-7,0.100000,350000,286046.361511
1064,2791,0.004279,-14,0.100000,350000,286316.997957
1065,3079,0.004279,-12,0.100000,350000,286614.023644
1066,2760,0.004109,-15,0.100000,350000,286881.532249
1067,3638,0.004417,-11,0.100000,350000,287236.084626
1068,3099,0.004355,-14,0.100000,350000,287537.825153
1069,3734,0.004348,-13,0.100000,350000,287902.649190
1070,3479,0.004311,-12,0.100000,350000,288240.947386
1071,3432,0.004399,-12,0.100000,350000,288574.754995
1072,1965,0.004316,-18,0.100000,350000,288765.036447
1073,3173,0.004343,-14,0.100000,350000,289072.229628
1074,2971,0.004278,-16,0.100000,350000,289359.582915
1075,2765,0.004242,-15,0.100000,350000,289626.036601
1076,2662,0.004307,-16,0.100000,350000,289884.201118
1077,3161,0.004285,-15,0.100000,350000,290191.386962
1078,3780,0.004338,-10,0.100000,350000,290560.162200
1079,3942,0.004412,-8,0.100000,350000,290944.415453
1080,3407,0.004477,-11,0.100000,350000,291276.196440
1081,2582,0.004371,-18,0.100000,350000,291528.546753
1082,2876,0.004447,-17,0.100000,350000,291808.033998
1083,3005,0.004714,-16,0.100000,350000,292099.653073
1084,3573,0.004605,-11,0.100000,350000,292445.551742
1085,3047,0.004538,-11,0.100000,350000,292740.356809
1086,3300,0.004584,-13,0.100000,350000,293059.502206
1087,3556,0.004537,-9,0.100000,350000,293403.294495
1088,3441,0.004369,-13,0.100000,350000,293736.599786
1089,3827,0.004603,-11,0.100000,350000,294107.569715
1090,3579,0.004353,-11,0.100000,350000,294454.219872
1091,4029,0.004220,-12,0.100000,350000,294843.570693
1092,3409,0.004375,-9,0.100000,350000,295174.254410
1093,4599,0.004291,-5,0.100000,350000,295618.459098
1094,2611,0.004234,-15,0.100000,350000,295870.308969
1095,2803,0.004247,-15,0.100000,350000,296140.061811
1096,3085,0.004210,-14,0.100000,350000,296437.899716
1097,3036,0.004228,-15,0.100000,350000,296731.115566
1098,4237,0.004335,-7,0.100000,350000,297145.153067
1099,3194,0.004110,-14,0.100000,350000,297456.988645
1100,3572,0.003952,-11,0.100000,350000,297805.262852
1101,3067,0.004236,-12,0.100000,350000,298103.989544
1102,3255,0.004219,-14,0.100000,350000,298420.572929
1103,4191,0.004250,-9,0.100000,350000,298828.829025
1104,2821,0.004414,-16,0.100000,350000,299102.363587
1105,2966,0.004247,-13,0.100000,350000,299389.696009
1106,3253,0.004140,-15,0.100000,350000,299703.762344
1107,3148,0.004330,-16,0.100000,350000,300009.581485
1108,4139,0.004292,-9,0.100000,350000,300413.400215
1109,2782,0.004082,-15,0.100000,350000,300685.982654
1110,4000,0.004440,-7,0.100000,350000,301076.158699
1111,3486,0.004418,-10,0.100000,350000,301415.896203
1112,4031,0.004340,-12,0.100000,350000,301807.811691
1113,2979,0.004213,-15,0.100000,350000,302097.060237
1114,3126,0.004157,-12,0.100000,350000,302400.957755
1115,4057,0.004171,-11,0.100000,350000,302792.778845
1116,3307,0.004001,-15,0.100000,350000,303111.121837
1117,3194,0.004136,-14,0.100000,350000,303419.883682
1118,3610,0.004100,-12,0.100000,350000,303772.053552
1119,3360,0.004321,-11,0.100000,350000,304100.986309
1120,3787,0.004165,-9,0.100000,350000,304470.134279
1121,3220,0.004184,-14,0.100000,350000,304783.831247
1122,3585,0.004092,-13,0.100000,350000,305132.274354
1123,3461,0.004154,-14,0.100000,350000,305467.938132
1124,2889,0.004309,-12,0.100000,350000,305747.825480
1125,3533,0.004250,-11,0.100000,350000,306091.221511
1126,3331,0.004232,-12,0.100000,350000,306412.252579
1127,3050,0.004146,-15,0.100000,350000,306707.322873
1128,4476,0.004249,-7,0.100000,350000,307141.134659
1129,3859,0.004184,-11,0.100000,350000,307514.912409
1130,2307,0.004269,-19,0.100000,350000,307739.565122
1131,4032,0.004000,-8,0.100000,350000,308129.690493
1132,2523,0.004077,-16,0.100000,350000,308373.679469
1133,3383,0.004243,-14,0.100000,350000,308701.627320
1134,2713,0.004276,-16,0.100000,350000,308963.521065
1135,3170,0.004139,-11,0.100000,350000,309268.812416
1136,2702,0.004235,-12,0.100000,350000,309530.882333
1137,3729,0.004217,-11,0.100000,350000,309890.789608
1138,2772,0.004214,-16,0.100000,350000,310161.524403
1139,3115,0.004222,-14,0.100000,350000,310465.556877
1140,3264,0.004328,-14,0.100000,350000,310784.224599
1141,2726,0.004161,-15,0.100000,350000,311049.845353
1142,3807,0.004017,-10,0.100000,350000,311421.670649
1143,2898,0.004198,-14,0.100000,350000,311703.582328
1144,2934,0.004258,-12,0.100000,350000,311988.609399
1145,4115,0.004029,-4,0.100000,350000,312387.450718
1146,3141,0.004197,-13,0.100000,350000,312691.463792
1147,3164,0.004165,-14,0.100000,350000,312996.842551
1148,3083,0.004066,-13,0.100000,350000,313296.677081
1149,2735,0.004207,-12,0.100000,350000,313563.684236
1150,3262,0.004162,-11,0.100000,350000,313882.169386
1151,3454,0.004182,-11,0.100000,350000,314218.969793
1152,2819,0.004165,-14,0.100000,350000,314493.714703
1153,3430,0.004371,-9,0.100000,350000,314827.451868
1154,2538,0.004206,-14,0.100000,350000,315075.295878
1155,2440,0.004176,-18,0.100000,350000,315312.375898
1156,3407,0.004351,-13,0.100000,350000,315641.822048
1157,3119,0.004060,-11,0.100000,350000,315942.950762
1158,2864,0.004212,-14,0.100000,350000,316219.281733
1159,3382,0.004205,-9,0.100000,350000,316546.705542
1160,3024,0.003943,-11,0.100000,350000,316843.429703
1161,3457,0.003981,-10,0.100000,350000,317180.540184
1162,3099,0.004225,-12,0.100000,350000,317483.113826
1163,2744,0.004256,-14,0.100000,350000,317750.335863
1164,3431,0.004151,-12,0.100000,350000,318084.059683
1165,3243,0.004173,-13,0.100000,350000,318398.955385
1166,3377,0.004009,-13,0.100000,350000,318729.149568
1167,3378,0.004036,-19,0.100000,350000,319056.425929
1168,3583,0.004020,-10,0.100000,350000,319402.801555
1169,2428,0.003876,-17,0.100000,350000,319637.440675
1170,3307,0.003851,-11,0.100000,350000,319958.810987
1171,2736,0.004103,-15,0.100000,350000,320227.033161
1172,2734,0.004092,-16,0.100000,350000,320495.037774
1173,3469,0.003899,-13,0.100000,350000,320833.484904
1174,3531,0.003974,-15,0.100000,350000,321177.214751
1175,2639,0.004256,-15,0.100000,350000,321433.550557
1176,3463,0.004185,-13,0.100000,350000,321769.617194
1177,3961,0.004072,-12,0.100000,350000,322154.165938
1178,2492,0.004235,-19,0.100000,350000,322395.404876
1179,3344,0.003927,-14,0.100000,350000,322718.384061
1180,3760,0.004102,-10,0.100000,350000,323081.876599
1181,3204,0.004118,-15,0.100000,350000,323393.879293
1182,2853,0.004016,-15,0.100000,350000,323671.884590
1183,3030,0.004051,-15,0.100000,350000,323968.245747
1184,3384,0.003938,-12,0.100000,350000,324297.577513
1185,2634,0.003949,-15,0.100000,350000,324553.719591
1186,3720,0.003801,-8,0.100000,350000,324915.042053
1187,3645,0.004045,-11,0.100000,350000,325268.343344
1188,2961,0.004014,-13,0.100000,350000,325554.898910
1189,2754,0.004037,-17,0.100000,350000,325822.161746
1190,2993,0.004015,-15,0.100000,350000,326111.265848
1191,3302,0.004073,-14,0.100000,350000,326430.445696
1192,3024,0.004021,-14,0.100000,350000,326724.828893
1193,3863,0.004097,-11,0.100000,350000,327101.465355
1194,2324,0.004080,-19,0.100000,350000,327328.089428
1195,3648,0.004029,-12,0.100000,350000,327684.373607
1196,2938,0.004108,-14,0.100000,350000,327969.845046
1197,2856,0.004318,-16,0.100000,350000,328247.156135
1198,2947,0.004037,-14,0.100000,350000,328533.175463
1199,3247,0.004069,-11,0.100000,350000,328847.433102
1200,4301,0.004227,-9,0.100000,350000,329263.433562
1201,2766,0.004124,-13,0.100000,350000,329529.879483
1202,3551,0.003834,-10,0.100000,350000,329874.715786
1203,3284,0.004417,-15,0.100000,350000,330195.154817
1204,2993,0.004138,-14,0.100000,350000,330487.301416
1205,3263,0.004156,-9,0.100000,350000,330805.082337
1206,3483,0.004261,-8,0.100000,350000,331145.269518
1207,2271,0.004048,-18,0.100000,350000,331366.472608
1208,3535,0.003880,-11,0.100000,350000,331709.871104
1209,3302,0.004259,-14,0.100000,350000,332030.048102
1210,2437,0.004116,-18,0.100000,350000,332265.815550
1211,3496,0.004086,-12,0.100000,350000,332603.303170
1212,3254,0.004179,-13,0.100000,350000,332918.392471
1213,3306,0.003990,-16,0.100000,350000,333238.684026
1214,3680,0.004086,-12,0.100000,350000,333596.616205
1215,3439,0.003952,-11,0.100000,350000,333931.104108
1216,3269,0.003922,-17,0.100000,350000,334248.680021
1217,3343,0.004093,-13,0.100000,350000,334573.564403
1218,3843,0.004105,-13,0.100000,350000,334947.058812
1219,3757,0.003828,-13,0.100000,350000,335310.454257
1220,3332,0.003958,-16,0.100000,350000,335632.184474
1221,3213,0.003911,-12,0.100000,350000,335942.280698
1222,3337,0.003845,-14,0.100000,350000,336265.206815
1223,3457,0.003806,-12,0.100000,350000,336604.243313
1224,3377,0.003934,-11,0.100000,350000,336934.142164
1225,3514,0.003950,-11,0.100000,350000,337277.400177
1226,3237,0.003695,-13,0.100000,350000,337595.525066
1227,2623,0.003884,-15,0.100000,350000,337851.095218
1228,3106,0.003842,-13,0.100000,350000,338153.335373
1229,3210,0.003909,-15,0.100000,350000,338466.756907
1230,2932,0.004031,-16,0.100000,350000,338750.979326
1231,3606,0.003779,-10,0.100000,350000,339100.334120
1232,2861,0.003863,-14,0.100000,350000,339376.899492
1233,2285,0.003737,-14,0.100000,350000,339597.813900
1234,2069,0.003998,-14,0.100000,350000,339799.102327
1235,2396,0.003930,-16,0.100000,350000,340032.589495
1236,2842,0.003823,-15,0.100000,350000,340311.519321
1237,3308,0.003820,-10,0.100000,350000,340633.522457
1238,2895,0.004033,-12,0.100000,350000,340914.970534
1239,2970,0.004123,-15,0.100000,350000,341203.226399
1240,3134,0.004014,-14,0.100000,350000,341507.377524
1241,3196,0.003948,-12,0.100000,350000,341816.795127
1242,3288,0.003845,-11,0.100000,350000,342135.996386
1243,3355,0.003786,-14,0.100000,350000,342459.514216
1244,3287,0.004010,-14,0.100000,350000,342778.071762
1245,3560,0.004086,-15,0.100000,350000,343123.796271
1246,3248,0.003803,-18,0.100000,350000,343441.069064
1247,3555,0.003910,-14,0.100000,350000,343789.709550
1248,2760,0.003876,-17,0.100000,350000,344059.306256
1249,2862,0.003892,-14,0.100000,350000,344338.118012
1250,3314,0.004008,-12,0.100000,350000,344662.022323
1251,3233,0.003879,-14,0.100000,350000,344976.568584
1252,2610,0.003838,-20,0.100000,350000,345230.406939
1253,3347,0.004100,-12,0.100000,350000,345560.802860
1254,3855,0.004019,-8,0.100000,350000,345937.219285
1255,2571,0.004062,-20,0.100000,350000,346185.382303
1256,2737,0.003913,-16,0.100000,350000,346451.464626
1257,3359,0.004139,-15,0.100000,350000,346778.819688
1258,4262,0.003954,-8,0.100000,350000,347194.630640
1259,2869,0.004019,-17,0.100000,350000,347475.667475
1260,4436,0.004039,-6,0.100000,350000,347907.309978
1261,3811,0.003967,-14,0.100000,350000,348277.725944
1262,4577,0.004097,-10,0.100000,350000,348721.629080
1263,3685,0.003855,-11,0.100000,350000,349079.787235
1264,3531,0.004017,-13,0.100000,350000,349422.495736
1265,4016,0.004205,-9,0.100000,350000,349814.452133
